gauss: 115.71401699762356
median: 115.81812005746431
wls: 94.69718720210524
