gauss: 118.7132542614557
median: 118.84855078099683
wls: 111.35801866614817
