languages-for-data-analysis/zad8/data/wraki utm_grid_1.0_circle_1.0_points_2_power_2.0.asc
ncols 71
nrows 26
xllcenter 452606.36
yllcenter 5967748.7
cellsize 1.0
nodata_value nan
nan nan nan nan nan nan nan nan nan nan nan nan nan nan nan nan nan nan nan nan nan nan nan nan nan nan nan nan nan nan nan nan nan nan nan nan nan nan nan nan nan nan nan nan nan nan nan nan nan nan nan nan nan nan nan nan nan nan nan -5.295277 -5.263048 -5.243326 -5.208278 -5.201099 -5.190479 -5.144737 -5.145275 -5.104952 nan nan nan
nan nan nan nan nan nan nan nan nan nan nan nan nan nan nan nan nan nan nan nan nan nan nan nan nan nan nan nan nan nan nan nan nan nan nan nan nan nan nan nan nan nan nan nan nan nan nan nan nan nan nan nan nan nan nan -5.454413 -5.406550 -5.394275 -5.369140 -5.323643 -5.303163 -5.285116 -5.225498 -5.216487 -5.271772 -5.230511 -5.096753 -5.140523 nan nan nan
nan nan nan nan nan nan nan nan nan nan nan nan nan nan nan nan nan nan nan nan nan nan nan nan nan nan nan nan nan nan nan nan nan nan nan nan nan nan nan nan nan nan nan nan nan nan nan nan nan nan -5.389281 -5.411580 -5.438603 -5.450636 -5.475530 -5.495268 -5.458943 -5.447546 -5.431919 -5.402446 -5.370263 -5.338123 -5.290390 -5.247710 -5.033274 -5.208491 -5.249055 -5.261487 nan nan nan
nan nan nan nan nan nan nan nan nan nan nan nan nan nan nan nan nan nan nan nan nan nan nan nan nan nan nan nan nan nan nan nan nan nan nan nan nan nan nan nan nan nan nan nan nan -5.435937 -5.429129 -5.442366 -5.444577 -5.443119 -5.376719 -5.411626 -5.441959 -5.468095 -5.489357 -5.469906 -5.462801 -5.470135 -5.410306 -5.381346 -5.330197 -5.292067 -5.210194 -5.176101 -5.082732 -5.249897 -5.359021 -5.350711 -5.341865 nan nan
nan nan nan nan nan nan nan nan nan nan nan nan nan nan nan nan nan nan nan nan nan nan nan nan nan nan nan nan nan nan nan nan nan nan nan nan nan nan nan nan nan -5.515460 -5.505114 -5.486107 -5.458741 -5.472777 -5.452540 -5.460613 -5.485626 -5.504524 -5.459929 -5.407398 -5.440241 -5.454848 -5.449179 -5.438712 -5.417675 -5.416247 -5.383267 -5.363444 -5.240310 -5.235434 -5.182962 -5.126848 -5.021696 -4.743958 -5.255001 -5.352684 -5.379934 nan nan
nan nan nan nan nan nan nan nan nan nan nan nan nan nan nan nan nan nan nan nan nan nan nan nan nan nan nan nan nan nan nan nan nan nan nan nan -5.564629 -5.531166 -5.550136 -5.558959 -5.511545 -5.561509 -5.576001 -5.536095 -5.520628 -5.477693 -5.447609 -5.394029 -5.357572 -5.351129 -5.351773 -5.344485 -5.362947 -5.383689 -5.389426 -5.371834 -5.371275 -5.394185 -5.422116 -5.364236 -5.275278 -5.252643 -5.200940 -5.223459 -4.823596 -4.781012 -5.266852 -5.328896 -5.444745 -5.495422 -5.556138
nan nan nan nan nan nan nan nan nan nan nan nan nan nan nan nan nan nan nan nan nan nan nan nan nan nan nan nan nan nan nan nan -5.618850 -5.655637 -5.658583 -5.626806 -5.563427 -5.582132 -5.623421 -5.637195 -5.696198 -5.648636 -5.616109 -5.545757 -5.499216 -5.410164 -5.079410 -4.854999 -4.852747 -5.293266 -5.320929 -5.425306 -5.481917 -5.445839 -5.431577 -5.391938 -5.417048 -5.639961 -5.693047 -5.493880 -5.436107 -5.454172 -5.449651 -5.347140 -4.825818 -5.133574 -5.499971 -5.535063 -5.580834 -5.568945 -5.679465
nan nan nan nan nan nan nan nan nan nan nan nan nan nan nan nan nan nan nan nan nan nan nan nan nan nan nan -5.695461 -5.683910 -5.647620 -5.639120 -5.617923 -5.639044 -5.660089 -5.679020 -5.661191 -5.665769 -5.672242 -5.673440 -5.692810 -5.670535 -5.628025 -5.588014 -5.502613 -5.486643 -4.918778 -4.404081 -4.508489 -4.908496 -5.219001 -5.437074 -5.502727 -5.513278 -5.510869 -5.485556 -5.453673 -5.491521 -5.017506 -5.226610 -5.456912 -5.489446 -5.567966 -5.676317 -5.466653 -4.964160 -5.616479 -5.935532 -5.929130 -5.924154 -5.968875 -6.007038
nan nan nan nan nan nan nan nan nan nan nan nan nan nan nan nan nan nan nan nan nan nan nan -5.673987 -5.665977 -5.678438 -5.698170 -5.717378 -5.741219 -5.674702 -5.668288 -5.646982 -5.661265 -5.668062 -5.661064 -5.659325 -5.689356 -5.685688 -5.750378 -5.750661 -5.621250 -5.576264 -5.570373 -5.522327 -5.501897 -5.133746 -5.101354 -5.380697 -5.487340 -5.605206 -5.585160 -5.565898 -5.577801 -5.565434 -5.541329 -5.496549 -5.250829 -4.830163 -4.904177 -5.463490 -5.457967 -5.736753 -5.875644 -6.059763 -6.124262 -6.216751 -6.292273 -6.279230 -6.294159 -6.331711 -6.359115
nan nan nan nan nan nan nan nan nan nan nan nan nan nan nan nan nan nan -5.618549 -5.599273 -5.588566 -5.607003 -5.660355 -5.679503 -5.711168 -5.745098 -5.770085 -5.778566 -5.760360 -5.693603 -5.606400 -5.530631 -5.454974 -5.574701 -5.620981 -5.667024 -5.696161 -5.689545 -5.259057 -5.161365 -5.586293 -5.602853 -5.651336 -5.662087 -5.707176 -5.749807 -5.713877 -5.695364 -5.699211 -5.649348 -5.647785 -5.636441 -5.604251 -5.599260 -5.568718 -5.613000 -5.303869 -4.701845 -5.662919 -5.759432 -5.968421 -6.034022 -6.160561 -6.295716 -6.419803 -6.521573 -6.598559 -6.580478 -6.609080 -6.663445 -6.682807
nan nan nan nan nan nan nan nan nan nan nan nan nan -5.389350 -5.404258 -5.399615 -5.478460 -5.591430 -5.625782 -5.625815 -5.645139 -5.659450 -5.726557 -5.738461 -5.751893 -5.800551 -5.848210 -5.796145 -5.747486 -5.651386 -5.590254 -5.579332 -5.659069 -5.676963 -5.720188 -5.736468 -5.701315 -5.688009 -5.036866 -5.040964 -5.633021 -5.648664 -5.734387 -5.750196 -5.764814 -5.777857 -5.780086 -5.768231 -5.749881 -5.744521 -5.673414 -5.675258 -5.663789 -5.670479 -5.663197 -5.767867 -5.242977 -4.677778 -6.018630 -6.199675 -6.146691 -6.229500 -6.393714 -6.541000 -6.664257 -6.750015 -6.805812 -6.846981 -6.936159 -7.033971 -7.008942
nan nan nan nan nan nan nan nan nan -5.186405 -5.252174 -5.335711 -5.378272 -5.394406 -5.450260 -5.521508 -5.613835 -5.677155 -5.691127 -5.698274 -5.672177 -5.691032 -5.709563 -5.718946 -5.737494 -5.770706 -5.782158 -5.754283 -5.744957 -5.739418 -5.706338 -5.722954 -5.719669 -5.722352 -5.737327 -5.721276 -5.674964 -5.748075 -4.822357 -5.270303 -5.585835 -5.717246 -5.786073 -5.786249 -5.812445 -5.831018 -5.858013 -5.835528 -5.843052 -5.784935 -5.808062 -5.750769 -5.791773 -5.807359 -5.799794 -5.974412 -5.765866 -4.786057 -6.339499 -6.421588 -6.498675 -6.620784 -6.737083 -6.844217 -6.961818 -7.054588 -7.125871 -7.203924 -7.304167 -7.334360 -7.347953
nan nan nan nan -4.989331 -5.093783 -5.140784 -5.111832 -5.139619 -5.219383 -5.329714 -5.399429 -5.452995 -5.482122 -5.542343 -5.608760 -5.646906 -5.653239 -5.663677 -5.669378 -5.715183 -5.698987 -5.697131 -5.692753 -5.717279 -5.739187 -5.772422 -5.856196 -5.864319 -5.772688 -5.656100 -5.646193 -5.659723 -5.735350 -5.734869 -5.711976 -5.719975 -5.826380 -5.006106 -5.548193 -5.717974 -5.759956 -5.837890 -5.884266 -5.917332 -5.950327 -5.912001 -5.940982 -5.932017 -5.902621 -5.823174 -5.848972 -5.872480 -5.888576 -6.030963 -6.167891 -6.341358 -6.502461 -6.711866 -6.804637 -6.909476 -7.014983 -7.111712 -7.206119 -7.289602 -7.379943 -7.468011 -7.508826 -7.580862 -7.643641 -7.592378
-5.250699 -5.238908 -5.160807 -5.101044 -5.013533 -5.155464 -5.199128 -5.220484 -5.302773 -5.353665 -5.408239 -5.455107 -5.486165 -5.491260 -5.535981 -5.573879 -5.606861 -5.648279 -5.659685 -5.687730 -5.684558 -5.682037 -5.697652 -5.674226 -5.706553 -5.721376 -5.786810 -5.729065 -5.566874 -5.731860 -5.587559 -5.605305 -5.644430 -5.664096 -5.698645 -5.705283 -5.712275 -5.797402 -5.738704 -5.840739 -5.873533 -5.844289 -5.892910 -5.961319 -6.056281 -6.078655 -6.082268 -6.067057 -6.025238 -5.996312 -5.924320 -5.911103 -6.027939 -6.226429 -6.463023 -6.612553 -6.719351 -6.922628 -7.039207 -7.154250 -7.262918 -7.361135 -7.409108 -7.523093 -7.564898 -7.559356 -7.583175 -7.621052 -7.647467 -7.672571 nan
-5.281543 -5.305324 -5.286226 -5.269459 -5.264179 -5.248730 -5.224795 -5.273314 -5.312572 -5.384205 -5.430319 -5.418345 -5.471188 -5.487597 -5.547315 -5.567258 -5.591614 -5.618886 -5.664933 -5.710446 -5.738245 -5.760633 -5.768234 -5.774452 -5.767229 -5.765434 -5.803306 -5.302141 -4.997392 -5.534727 -5.413669 -5.547605 -5.623747 -5.649445 -5.713460 -5.753990 -5.752828 -5.730081 -5.755804 -5.894882 -5.948806 -5.975057 -6.049241 -6.154266 -6.224023 -6.248586 -6.225047 -6.182779 -6.220715 -6.156242 -6.208346 -6.219481 -6.508587 -6.758936 -6.920855 -7.088613 -7.289063 -7.292727 -7.357948 -7.369214 -7.422847 -7.471814 -7.522874 -7.560402 nan nan nan nan nan nan nan
-5.446600 -5.428971 -5.397966 -5.369485 -5.399057 -5.418931 -5.425596 -5.427156 -5.436708 -5.463511 -5.473586 -5.445577 -5.499699 -5.521241 -5.541907 -5.584865 -5.606837 -5.687785 -5.737515 -5.806230 -5.792322 -5.908292 -5.923014 -5.935488 -5.970484 -5.958568 -5.941134 -5.311484 -5.318875 -5.742703 -5.617919 -5.641990 -5.703940 -5.714433 -5.788395 -5.851773 -5.849217 -5.804803 -5.802164 -5.886457 -6.026584 -6.133994 -6.262066 -6.399066 -6.462165 -6.495115 -6.490746 -6.418460 -6.409741 -6.501827 -6.682942 -6.847332 -7.082413 -7.088772 -7.235435 -7.288521 -7.415951 -7.434050 nan nan nan nan nan nan nan nan nan nan nan nan nan
-5.475583 -5.464539 -5.475147 -5.473845 -5.472188 -5.508485 -5.519538 -5.524890 -5.543809 -5.539714 -5.546983 -5.574238 -5.589807 -5.592026 -5.646135 -5.724259 -5.758799 -5.822900 -5.869333 -5.938226 -6.002906 -6.071145 -6.153408 -6.214904 -6.245604 -6.256106 -6.462624 -5.865629 -5.274869 -6.104885 -5.869362 -5.876641 -5.784050 -5.781911 -5.892743 -5.986847 -6.042561 -6.073991 -6.046048 -6.116369 -6.318898 -6.466416 -6.503950 -6.557032 -6.681202 -6.799143 -6.931646 -7.043167 -7.079096 -7.000858 -7.019005 -7.063206 -7.216986 -6.977165 nan nan nan nan nan nan nan nan nan nan nan nan nan nan nan nan nan
-5.477666 -5.478012 -5.467984 -5.500058 -5.519851 -5.551191 -5.584821 -5.635611 -5.670457 -5.696255 -5.727950 -5.812617 -5.847919 -5.888301 -5.890500 -5.979462 -5.985144 -6.047538 -6.151759 -6.290086 -6.298608 -6.437010 -6.435780 -6.488499 -6.510015 -6.520122 -6.760536 -6.813459 -5.939589 -6.464356 -6.318192 -6.006396 -5.926553 -6.030037 -6.210068 -6.303489 -6.375855 -6.443331 -6.489596 -6.631093 -6.568368 -6.830141 -6.840147 -6.831401 -6.894831 -6.908289 -6.999821 -7.098152 nan nan nan nan nan nan nan nan nan nan nan nan nan nan nan nan nan nan nan nan nan nan nan
-5.500273 -5.492024 -5.528970 -5.597752 -5.686129 -5.684287 -5.742234 -5.835325 -5.886470 -5.947887 -6.066175 -6.056521 -6.092188 -6.229400 -6.357963 -6.412088 -6.494827 -6.550749 -6.581663 -6.587663 -6.625850 -6.676130 -6.680039 -6.685202 -6.730634 -6.726174 -6.806593 -7.052655 -6.905200 -6.784826 -6.618630 -6.523650 -6.426534 -6.397586 -6.490766 -6.562691 -6.677009 -6.749158 -6.837635 -6.949309 -7.053960 -7.033821 -7.016527 -6.912557 -6.903720 nan nan nan nan nan nan nan nan nan nan nan nan nan nan nan nan nan nan nan nan nan nan nan nan nan nan
-5.612627 -5.626433 -5.632524 -5.711088 -5.830139 -5.911993 -6.003162 -6.123528 -6.217275 -6.338995 -6.373896 -6.497515 -6.564923 -6.630467 -6.672719 -6.726370 -6.769759 -6.752016 -6.712468 -6.750561 -6.810598 -6.862886 -6.894955 -6.933917 -6.943480 -6.966036 -6.988341 -7.019014 -6.997092 -6.972803 -6.929610 -6.867504 -6.907832 -6.902788 -6.882502 -6.862339 -6.891487 -6.958484 -7.062185 nan nan nan nan nan nan nan nan nan nan nan nan nan nan nan nan nan nan nan nan nan nan nan nan nan nan nan nan nan nan nan nan
-5.755319 -5.757787 -5.744594 -5.881480 -6.058491 -6.224623 -6.379490 -6.439786 -6.535122 -6.671397 -6.855733 -6.738093 -6.769922 -6.835120 -6.912157 -6.943022 -6.949175 -6.912378 -6.956516 -6.978297 -7.021701 -7.082825 -7.099388 -7.118727 -7.134993 -7.185619 -7.182805 -7.169258 -7.240671 -7.234538 -7.152462 -7.044940 -7.033942 -6.925638 -6.966561 nan nan nan nan nan nan nan nan nan nan nan nan nan nan nan nan nan nan nan nan nan nan nan nan nan nan nan nan nan nan nan nan nan nan nan nan
-6.129691 -6.137357 -6.175446 -6.167865 -6.480545 -6.613255 -6.780519 -6.804289 -6.843109 -6.979485 -7.010990 -7.032314 -7.089753 -7.213616 -7.337765 -7.370629 -7.357325 -7.342373 -7.253374 -7.250170 -7.215539 -7.284955 -7.252594 -7.311288 -7.336494 -7.320476 -7.279578 -7.185423 -7.319759 nan nan nan nan nan nan nan nan nan nan nan nan nan nan nan nan nan nan nan nan nan nan nan nan nan nan nan nan nan nan nan nan nan nan nan nan nan nan nan nan nan nan
nan -6.331526 -6.712845 -6.689849 -6.833660 -6.945080 -7.053256 -7.185100 -7.265761 -7.368619 -7.437897 -7.496176 -7.554002 -7.652416 -7.810841 -7.751137 -7.684746 -7.656862 -7.568314 -7.493968 -7.460278 -7.411478 -7.340198 -7.316897 nan nan nan nan nan nan nan nan nan nan nan nan nan nan nan nan nan nan nan nan nan nan nan nan nan nan nan nan nan nan nan nan nan nan nan nan nan nan nan nan nan nan nan nan nan nan nan
nan nan -7.151707 -7.136230 -7.232957 -7.309096 -7.415453 -7.540670 -7.722820 -7.797620 -7.839314 -7.806964 -7.794752 -7.821838 -7.900000 nan nan nan nan nan nan nan nan nan nan nan nan nan nan nan nan nan nan nan nan nan nan nan nan nan nan nan nan nan nan nan nan nan nan nan nan nan nan nan nan nan nan nan nan nan nan nan nan nan nan nan nan nan nan nan nan
nan nan nan -7.506844 -7.605342 -7.674147 -7.775075 -7.800321 -7.820834 -7.853598 -7.881822 nan nan nan nan nan nan nan nan nan nan nan nan nan nan nan nan nan nan nan nan nan nan nan nan nan nan nan nan nan nan nan nan nan nan nan nan nan nan nan nan nan nan nan nan nan nan nan nan nan nan nan nan nan nan nan nan nan nan nan nan
nan nan nan -7.763180 -7.807347 -7.806051 -7.832427 nan nan nan nan nan nan nan nan nan nan nan nan nan nan nan nan nan nan nan nan nan nan nan nan nan nan nan nan nan nan nan nan nan nan nan nan nan nan nan nan nan nan nan nan nan nan nan nan nan nan nan nan nan nan nan nan nan nan nan nan nan nan nan nan
