languages-for-data-analysis/zad8/data/wraki utm_grid_0.5_circle_1.0_points_2_power_2.0.asc
ncols 142
nrows 51
xllcenter 452606.36
yllcenter 5967748.7
cellsize 0.5
nodata_value nan
[rows 0 to 27 of 51, columns 0 to 63 of 142]
nan nan nan nan nan nan nan nan nan nan nan nan nan nan nan nan nan nan nan nan nan nan nan nan nan nan nan nan nan nan nan nan nan nan nan nan nan nan nan nan nan nan nan nan nan nan nan nan nan nan nan nan nan nan nan nan nan nan nan nan nan nan nan nan
nan nan nan nan nan nan nan nan nan nan nan nan nan nan nan nan nan nan nan nan nan nan nan nan nan nan nan nan nan nan nan nan nan nan nan nan nan nan nan nan nan nan nan nan nan nan nan nan nan nan nan nan nan nan nan nan nan nan nan nan nan nan nan nan
nan nan nan nan nan nan nan nan nan nan nan nan nan nan nan nan nan nan nan nan nan nan nan nan nan nan nan nan nan nan nan nan nan nan nan nan nan nan nan nan nan nan nan nan nan nan nan nan nan nan nan nan nan nan nan nan nan nan nan nan nan nan nan nan
nan nan nan nan nan nan nan nan nan nan nan nan nan nan nan nan nan nan nan nan nan nan nan nan nan nan nan nan nan nan nan nan nan nan nan nan nan nan nan nan nan nan nan nan nan nan nan nan nan nan nan nan nan nan nan nan nan nan nan nan nan nan nan nan
nan nan nan nan nan nan nan nan nan nan nan nan nan nan nan nan nan nan nan nan nan nan nan nan nan nan nan nan nan nan nan nan nan nan nan nan nan nan nan nan nan nan nan nan nan nan nan nan nan nan nan nan nan nan nan nan nan nan nan nan nan nan nan nan
nan nan nan nan nan nan nan nan nan nan nan nan nan nan nan nan nan nan nan nan nan nan nan nan nan nan nan nan nan nan nan nan nan nan nan nan nan nan nan nan nan nan nan nan nan nan nan nan nan nan nan nan nan nan nan nan nan nan nan nan nan nan nan nan
nan nan nan nan nan nan nan nan nan nan nan nan nan nan nan nan nan nan nan nan nan nan nan nan nan nan nan nan nan nan nan nan nan nan nan nan nan nan nan nan nan nan nan nan nan nan nan nan nan nan nan nan nan nan nan nan nan nan nan nan nan nan nan nan
nan nan nan nan nan nan nan nan nan nan nan nan nan nan nan nan nan nan nan nan nan nan nan nan nan nan nan nan nan nan nan nan nan nan nan nan nan nan nan nan nan nan nan nan nan nan nan nan nan nan nan nan nan nan nan nan nan nan nan nan nan nan nan nan
nan nan nan nan nan nan nan nan nan nan nan nan nan nan nan nan nan nan nan nan nan nan nan nan nan nan nan nan nan nan nan nan nan nan nan nan nan nan nan nan nan nan nan nan nan nan nan nan nan nan nan nan nan nan nan nan nan nan nan nan nan nan nan nan
nan nan nan nan nan nan nan nan nan nan nan nan nan nan nan nan nan nan nan nan nan nan nan nan nan nan nan nan nan nan nan nan nan nan nan nan nan nan nan nan nan nan nan nan nan nan nan nan nan nan nan nan nan nan nan nan nan nan nan nan nan nan nan nan
nan nan nan nan nan nan nan nan nan nan nan nan nan nan nan nan nan nan nan nan nan nan nan nan nan nan nan nan nan nan nan nan nan nan nan nan nan nan nan nan nan nan nan nan nan nan nan nan nan nan nan nan nan nan nan nan nan nan nan nan nan nan nan nan
nan nan nan nan nan nan nan nan nan nan nan nan nan nan nan nan nan nan nan nan nan nan nan nan nan nan nan nan nan nan nan nan nan nan nan nan nan nan nan nan nan nan nan nan nan nan nan nan nan nan nan nan nan nan nan nan nan nan nan nan nan nan nan nan
nan nan nan nan nan nan nan nan nan nan nan nan nan nan nan nan nan nan nan nan nan nan nan nan nan nan nan nan nan nan nan nan nan nan nan nan nan nan nan nan nan nan nan nan nan nan nan nan nan nan nan nan nan nan nan nan nan nan nan nan nan nan nan -5.643266
nan nan nan nan nan nan nan nan nan nan nan nan nan nan nan nan nan nan nan nan nan nan nan nan nan nan nan nan nan nan nan nan nan nan nan nan nan nan nan nan nan nan nan nan nan nan nan nan nan nan nan nan nan nan nan nan nan nan nan -5.625887 -5.623677 -5.636762 -5.647088 -5.646433
nan nan nan nan nan nan nan nan nan nan nan nan nan nan nan nan nan nan nan nan nan nan nan nan nan nan nan nan nan nan nan nan nan nan nan nan nan nan nan nan nan nan nan nan nan nan nan nan nan nan nan nan nan nan -5.687182 -5.710004 -5.701653 -5.660589 -5.646340 -5.648048 -5.643856 -5.641956 -5.635999 -5.641616
nan nan nan nan nan nan nan nan nan nan nan nan nan nan nan nan nan nan nan nan nan nan nan nan nan nan nan nan nan nan nan nan nan nan nan nan nan nan nan nan nan nan nan nan nan nan nan nan nan -5.636166 -5.656530 -5.669466 -5.687059 -5.707258 -5.712157 -5.719863 -5.711431 -5.679021 -5.626969 -5.665863 -5.673164 -5.661287 -5.672219 -5.655197
nan nan nan nan nan nan nan nan nan nan nan nan nan nan nan nan nan nan nan nan nan nan nan nan nan nan nan nan nan nan nan nan nan nan nan nan nan nan nan nan nan nan nan nan nan -5.664416 -5.668332 -5.677807 -5.666363 -5.664790 -5.675060 -5.682758 -5.684876 -5.716765 -5.703722 -5.727167 -5.713847 -5.709636 -5.684115 -5.672494 -5.657896 -5.683527 -5.654781 -5.662156
nan nan nan nan nan nan nan nan nan nan nan nan nan nan nan nan nan nan nan nan nan nan nan nan nan nan nan nan nan nan nan nan nan nan nan nan nan nan nan nan -5.547238 -5.559643 -5.591474 -5.626088 -5.658775 -5.672807 -5.681429 -5.687095 -5.689031 -5.665642 -5.687077 -5.746715 -5.716188 -5.735374 -5.748332 -5.760105 -5.753564 -5.765245 -5.715252 -5.688426 -5.648683 -5.605501 -5.598791 -5.616018
nan nan nan nan nan nan nan nan nan nan nan nan nan nan nan nan nan nan nan nan nan nan nan nan nan nan nan nan nan nan nan nan nan nan nan -5.620212 -5.618341 -5.614944 -5.601011 -5.590819 -5.589846 -5.591752 -5.600018 -5.621178 -5.657057 -5.678145 -5.679396 -5.710286 -5.706835 -5.713594 -5.735311 -5.717968 -5.754275 -5.773759 -5.789324 -5.771066 -5.764966 -5.732031 -5.730846 -5.680739 -5.631854 -5.582507 -5.535076 -5.513639
nan nan nan nan nan nan nan nan nan nan nan nan nan nan nan nan nan nan nan nan nan nan nan nan nan nan nan nan nan nan nan -5.394320 -5.444286 -5.519468 -5.579579 -5.615469 -5.629641 -5.622073 -5.615495 -5.607360 -5.591728 -5.601897 -5.622339 -5.637288 -5.685023 -5.707568 -5.721337 -5.763097 -5.762986 -5.750666 -5.747503 -5.777532 -5.796665 -5.834959 -5.801814 -5.806118 -5.766347 -5.743140 -5.693213 -5.651107 -5.588303 -5.572647 -5.500749 -5.406668
nan nan nan nan nan nan nan nan nan nan nan nan nan nan nan nan nan nan nan nan nan nan nan nan nan nan -5.376215 -5.390819 -5.401821 -5.400873 -5.400923 -5.413377 -5.461323 -5.528443 -5.582846 -5.601538 -5.637672 -5.655097 -5.620578 -5.632593 -5.632039 -5.649041 -5.676554 -5.698110 -5.719797 -5.733944 -5.730470 -5.752430 -5.756439 -5.777665 -5.795708 -5.802886 -5.841202 -5.844527 -5.814601 -5.772249 -5.736733 -5.732290 -5.691607 -5.643706 -5.605002 -5.574498 -5.548681 -5.649192
nan nan nan nan nan nan nan nan nan nan nan nan nan nan nan nan nan nan nan nan nan nan -5.321893 -5.344859 -5.361308 -5.380994 -5.394036 -5.410743 -5.421879 -5.424077 -5.404148 -5.422178 -5.471177 -5.551013 -5.629712 -5.647971 -5.670184 -5.665572 -5.663621 -5.665725 -5.656728 -5.689109 -5.697459 -5.707934 -5.721493 -5.747996 -5.734132 -5.736858 -5.741053 -5.740129 -5.788104 -5.794355 -5.826425 -5.813678 -5.791957 -5.745293 -5.736765 -5.785404 -5.682428 -5.691806 -5.657549 -5.651838 -5.684092 -5.700753
nan nan nan nan nan nan nan nan nan nan nan nan nan nan nan nan nan -5.142110 -5.180534 -5.222937 -5.250260 -5.282010 -5.329311 -5.357835 -5.374385 -5.379271 -5.396329 -5.407133 -5.448816 -5.476877 -5.530493 -5.503750 -5.579533 -5.639911 -5.671174 -5.684821 -5.682780 -5.703309 -5.696425 -5.705182 -5.692493 -5.707357 -5.707985 -5.701682 -5.707776 -5.721996 -5.718690 -5.728946 -5.734797 -5.751689 -5.775935 -5.782040 -5.775423 -5.766033 -5.744104 -5.755323 -5.756461 -5.762263 -5.764362 -5.708776 -5.704952 -5.684759 -5.698333 -5.715317
nan nan nan nan nan nan nan nan nan nan nan nan -5.097451 -5.093768 -5.080543 -5.096263 -5.136245 -5.175395 -5.203266 -5.236794 -5.252355 -5.276442 -5.316009 -5.381147 -5.397797 -5.419423 -5.444429 -5.472578 -5.499597 -5.543953 -5.603592 -5.646155 -5.658467 -5.663699 -5.679537 -5.683105 -5.689189 -5.694098 -5.696718 -5.694053 -5.697787 -5.697682 -5.697191 -5.693428 -5.694075 -5.696210 -5.698749 -5.713054 -5.728945 -5.733390 -5.748407 -5.755265 -5.755862 -5.785578 -5.782876 -5.802326 -5.774676 -5.801125 -5.771140 -5.716658 -5.666133 -5.657880 -5.675892 -5.674830
nan nan nan nan nan nan nan nan -4.996595 -5.035208 -5.089729 -5.133618 -5.143046 -5.124468 -5.112356 -5.122407 -5.131788 -5.174629 -5.216224 -5.264555 -5.311208 -5.340376 -5.392455 -5.424070 -5.437671 -5.469007 -5.488884 -5.493767 -5.545398 -5.565315 -5.594909 -5.628562 -5.637360 -5.653547 -5.658068 -5.673461 -5.673339 -5.688644 -5.688331 -5.682276 -5.683511 -5.688212 -5.691600 -5.693064 -5.687719 -5.693582 -5.695029 -5.694110 -5.708648 -5.724794 -5.738228 -5.741382 -5.763021 -5.788903 -5.829330 -5.863889 -5.886633 -5.875660 -5.770414 -5.715090 -5.672852 -5.665889 -5.643748 -5.637325
nan nan nan nan -5.115822 -5.100448 -5.083955 -5.051154 -5.037895 -5.065977 -5.092713 -5.123640 -5.139296 -5.144288 -5.102981 -5.171177 -5.199988 -5.244693 -5.299371 -5.340742 -5.379475 -5.400797 -5.421192 -5.439984 -5.461127 -5.486260 -5.501292 -5.517289 -5.544692 -5.556496 -5.588163 -5.610423 -5.621075 -5.628882 -5.646832 -5.653981 -5.665237 -5.675535 -5.687387 -5.691676 -5.690506 -5.685175 -5.699980 -5.689150 -5.687665 -5.689073 -5.718257 -5.681743 -5.701115 -5.705907 -5.733873 -5.743160 -5.766018 -5.837028 -5.887189 -5.931818 -5.905297 -5.848571 -5.809941 -5.746506 -5.664403 -5.638002 -5.627128 -5.636102
-5.250699 -5.251749 -5.239040 -5.202384 -5.162301 -5.134901 -5.102237 -5.089424 -4.983862 -5.073373 -5.138934 -5.103092 -5.194410 -5.218986 -5.210775 -5.253565 -5.299747 -5.344953 -5.348225 -5.374489 -5.410221 -5.417011 -5.475880 -5.467295 -5.485092 -5.476163 -5.491828 -5.505555 -5.529301 -5.549211 -5.570115 -5.593463 -5.605033 -5.616286 -5.637433 -5.646626 -5.657500 -5.668303 -5.690548 -5.697671 -5.701514 -5.690900 -5.703625 -5.696731 -5.697223 -5.695467 -5.686727 -5.696715 -5.699105 -5.702140 -5.719719 -5.743024 -5.748375 -5.825066 -5.848921 -5.764697 -5.531320 -5.712666 -5.788580 -5.671170 -5.614884 -5.597347 -5.586162 -5.621723
-5.283992 -5.278947 -5.197326 -5.201677 -5.142243 -5.169628 -5.172462 -5.120205 -5.152736 -5.170926 -5.186907 -5.007649 -5.217034 -5.257863 -5.271988 -5.299964 -5.335670 -5.343156 -5.374012 -5.412935 -5.407734 -5.427352 -5.440823 -5.447012 -5.467814 -5.487221 -5.481921 -5.486662 -5.530532 -5.546025 -5.564455 -5.578993 -5.596068 -5.617195 -5.622738 -5.634882 -5.651047 -5.668978 -5.684350 -5.694749 -5.708170 -5.717415 -5.720016 -5.727040 -5.731669 -5.722918 -5.719803 -5.714602 -5.725385 -5.723126 -5.745698 -5.736176 -5.751453 -5.825427 -5.317416 -5.064157 -4.993767 -5.622825 -5.686885 -5.581790 -5.489722 -5.525335 -5.528417 -5.579095
