languages-for-data-analysis/zad8/data/wraki utm_grid_0.5_circle_1.0_points_2_power_2.0.asc
ncols 142
nrows 51
xllcenter 452606.36
yllcenter 5967748.7
cellsize 0.5
nodata_value nan
[rows 0 to 27 of 51, columns 64 to 127 of 142]
nan nan nan nan nan nan nan nan nan nan nan nan nan nan nan nan nan nan nan nan nan nan nan nan nan nan nan nan nan nan nan nan nan nan nan nan nan nan nan nan nan nan nan nan nan nan nan nan nan nan nan nan nan nan -5.270069 -5.295541 -5.282041 -5.259073 -5.249745 -5.240823 -5.224188 -5.204052 -5.196773 -5.203086
nan nan nan nan nan nan nan nan nan nan nan nan nan nan nan nan nan nan nan nan nan nan nan nan nan nan nan nan nan nan nan nan nan nan nan nan nan nan nan nan nan nan nan nan nan nan nan nan nan -5.364935 -5.360766 -5.377130 -5.366203 -5.341739 -5.315130 -5.309003 -5.290081 -5.276316 -5.259050 -5.252763 -5.248641 -5.192738 -5.195910 -5.213637
nan nan nan nan nan nan nan nan nan nan nan nan nan nan nan nan nan nan nan nan nan nan nan nan nan nan nan nan nan nan nan nan nan nan nan nan nan nan nan nan nan nan nan nan nan nan -5.469797 -5.449217 -5.427624 -5.405220 -5.397171 -5.391611 -5.383259 -5.363543 -5.320693 -5.323645 -5.297276 -5.306865 -5.317960 -5.280391 -5.239117 -5.214922 -5.226513 -5.223768
nan nan nan nan nan nan nan nan nan nan nan nan nan nan nan nan nan nan nan nan nan nan nan nan nan nan nan nan nan nan nan nan nan nan nan nan nan nan nan nan nan -5.472933 -5.451662 -5.444571 -5.453969 -5.472139 -5.469633 -5.468942 -5.439480 -5.401415 -5.405972 -5.388342 -5.404552 -5.400728 -5.374744 -5.375237 -5.352588 -5.346597 -5.334990 -5.311080 -5.227132 -5.286221 -5.281617 -5.254041
nan nan nan nan nan nan nan nan nan nan nan nan nan nan nan nan nan nan nan nan nan nan nan nan nan nan nan nan nan nan nan nan nan nan nan nan -5.378701 -5.392868 -5.408881 -5.411880 -5.423391 -5.447816 -5.455462 -5.448910 -5.447814 -5.487971 -5.480654 -5.516019 -5.462208 -5.467391 -5.446471 -5.441201 -5.444233 -5.441979 -5.429560 -5.402534 -5.367502 -5.358612 -5.349547 -5.337550 -5.311852 -5.284669 -5.271274 -5.228431
nan nan nan nan nan nan nan nan nan nan nan nan nan nan nan nan nan nan nan nan nan nan nan nan nan nan nan nan nan nan nan -5.437453 -5.421688 -5.439557 -5.445365 -5.429208 -5.410115 -5.408537 -5.413436 -5.416246 -5.414893 -5.440537 -5.455717 -5.459097 -5.474334 -5.491165 -5.490388 -5.479198 -5.479720 -5.489563 -5.452703 -5.459203 -5.463354 -5.442422 -5.451843 -5.414700 -5.375291 -5.341072 -5.332327 -5.319775 -5.295966 -5.242038 -5.209698 -5.159049
nan nan nan nan nan nan nan nan nan nan nan nan nan nan nan nan nan nan nan nan nan nan nan nan nan nan nan -5.421474 -5.425417 -5.430772 -5.436088 -5.442602 -5.437848 -5.447926 -5.457265 -5.432318 -5.434683 -5.411537 -5.442094 -5.429533 -5.426680 -5.451870 -5.473002 -5.462527 -5.466316 -5.492392 -5.490757 -5.472320 -5.468286 -5.469868 -5.445231 -5.461078 -5.410265 -5.408066 -5.413753 -5.374950 -5.370492 -5.339092 -5.302714 -5.286426 -5.255872 -5.203851 -5.139092 -5.124991
nan nan nan nan nan nan nan nan nan nan nan nan nan nan nan nan nan nan nan nan nan nan -5.498202 -5.470363 -5.453276 -5.449378 -5.458704 -5.460904 -5.450735 -5.441174 -5.427622 -5.461787 -5.441392 -5.413125 -5.464586 -5.481687 -5.443825 -5.442732 -5.446612 -5.438009 -5.432423 -5.444806 -5.464790 -5.460090 -5.484264 -5.468979 -5.493555 -5.463917 -5.457374 -5.449273 -5.437951 -5.422323 -5.418985 -5.419828 -5.398541 -5.364051 -5.336669 -5.316386 -5.276914 -5.243277 -5.221946 -5.160581 -5.168623 -5.124271
nan nan nan nan nan nan nan nan nan nan nan nan nan nan nan nan nan -5.490335 -5.500941 -5.515456 -5.506642 -5.500427 -5.491634 -5.481818 -5.464895 -5.462078 -5.468031 -5.482662 -5.460655 -5.458405 -5.462166 -5.469358 -5.397106 -5.479001 -5.483833 -5.480031 -5.468488 -5.439428 -5.427133 -5.408435 -5.431258 -5.433307 -5.439989 -5.450656 -5.443054 -5.446882 -5.440302 -5.441696 -5.428252 -5.416784 -5.421366 -5.414540 -5.396147 -5.375039 -5.359416 -5.359613 -5.317985 -5.291881 -5.249637 -5.207571 -5.195591 -5.169132 -5.145412 -5.129701
nan nan nan nan nan nan nan nan nan nan nan nan nan -5.536390 -5.534170 -5.524906 -5.531794 -5.535583 -5.538185 -5.536365 -5.533877 -5.484429 -5.484623 -5.484056 -5.472909 -5.514372 -5.501768 -5.468594 -5.481601 -5.483878 -5.447420 -5.456416 -5.443370 -5.429643 -5.447584 -5.416281 -5.414718 -5.405947 -5.387237 -5.392659 -5.414342 -5.403876 -5.408873 -5.420102 -5.412107 -5.406818 -5.399875 -5.393132 -5.396510 -5.390085 -5.380997 -5.391699 -5.382176 -5.379937 -5.367505 -5.341953 -5.299288 -5.271449 -5.237661 -5.222976 -5.196250 -5.177432 -5.160265 -5.150166
nan nan nan nan nan nan nan nan -5.595219 -5.550667 -5.529050 -5.532253 -5.544872 -5.555144 -5.558499 -5.548658 -5.548679 -5.540295 -5.533545 -5.544342 -5.537268 -5.564632 -5.548712 -5.527223 -5.524178 -5.502550 -5.524395 -5.467500 -5.459184 -5.458543 -5.414094 -5.385540 -5.371226 -5.377964 -5.361200 -5.345077 -5.341816 -5.372381 -5.358947 -5.371166 -5.379778 -5.390767 -5.410095 -5.390251 -5.388861 -5.382197 -5.375778 -5.374799 -5.364310 -5.373199 -5.375083 -5.394660 -5.420141 -5.419930 -5.399674 -5.350866 -5.321424 -5.295843 -5.274347 -5.235655 -5.246052 -5.203818 -5.191030 -5.219595
nan nan nan -5.603356 -5.658232 -5.638171 -5.622516 -5.605480 -5.589420 -5.577868 -5.558775 -5.557384 -5.552741 -5.556723 -5.570016 -5.585455 -5.607706 -5.617383 -5.631974 -5.597557 -5.662607 -5.591272 -5.560453 -5.533455 -5.511723 -5.508608 -5.472729 -5.465619 -5.414462 -5.423146 -5.379688 -5.314305 -5.319121 -5.320995 -5.311914 -5.311958 -5.316058 -5.330050 -5.341720 -5.359828 -5.374484 -5.410527 -5.418283 -5.419645 -5.413766 -5.427092 -5.397165 -5.381679 -5.371284 -5.376126 -5.416141 -5.492227 -5.531675 -5.509608 -5.460579 -5.396957 -5.368518 -5.344455 -5.339551 -5.350991 -5.300996 -5.286249 -5.276885 -5.318076
-5.620781 -5.629747 -5.650256 -5.657387 -5.661702 -5.648840 -5.631432 -5.619217 -5.540374 -5.593624 -5.614742 -5.593744 -5.615379 -5.619316 -5.623471 -5.648279 -5.639938 -5.669774 -5.622912 -5.654328 -5.618530 -5.620760 -5.550811 -5.524679 -5.485226 -5.484642 -5.418167 -5.512008 -5.413432 -4.999344 -4.864243 -4.850821 -4.844711 -4.933251 -5.087272 -5.289774 -5.329042 -5.363212 -5.391514 -5.417053 -5.445794 -5.479500 -5.462279 -5.443812 -5.439524 -5.429372 -5.416721 -5.391363 -5.390555 -5.427808 -5.533047 -5.661937 -5.684515 -5.643189 -5.549633 -5.479421 -5.429001 -5.426980 -5.440445 -5.434271 -5.416386 -5.421233 -5.400199 -5.140570
-5.638312 -5.639602 -5.656137 -5.634019 -5.670676 -5.669238 -5.647946 -5.641231 -5.618076 -5.640913 -5.622635 -5.637035 -5.656951 -5.663069 -5.671164 -5.707485 -5.691881 -5.668926 -5.683160 -5.648212 -5.642126 -5.587645 -5.554986 -5.507594 -5.491240 -5.485025 -5.388419 -4.982324 -4.664402 -4.451647 -4.471351 -4.620273 -4.809635 -4.900014 -5.065226 -5.284846 -5.401949 -5.420250 -5.454910 -5.474299 -5.489368 -5.489031 -5.489026 -5.465975 -5.468398 -5.449651 -5.448671 -5.424254 -5.435030 -5.505864 -5.623156 -5.533308 -5.481093 -5.465399 -5.523103 -5.490047 -5.474788 -5.476568 -5.499407 -5.520759 -5.523580 -5.557857 -5.577516 -5.487947
-5.655624 -5.657725 -5.663574 -5.637167 -5.684571 -5.689715 -5.689170 -5.661625 -5.674060 -5.679552 -5.694320 -5.677494 -5.671862 -5.711112 -5.687965 -5.684645 -5.673828 -5.674279 -5.636891 -5.618854 -5.596677 -5.563989 -5.522591 -5.498126 -5.469137 -5.444322 -5.068555 -4.790624 -4.508829 -4.396126 -4.380795 -4.567726 -4.832701 -4.957098 -5.110260 -5.339091 -5.455087 -5.469147 -5.484592 -5.510340 -5.509396 -5.516435 -5.512887 -5.505439 -5.498832 -5.484146 -5.476206 -5.460089 -5.457160 -5.503248 -5.232649 -5.032855 -4.980607 -5.304834 -5.473351 -5.455625 -5.463720 -5.493724 -5.542497 -5.592812 -5.615798 -5.675560 -5.696347 -5.302158
-5.652022 -5.661887 -5.715195 -5.702871 -5.670713 -5.643555 -5.700349 -5.667539 -5.703904 -5.693190 -5.663486 -5.698994 -5.681016 -5.711274 -5.713853 -5.699870 -5.683467 -5.644815 -5.633457 -5.593146 -5.580439 -5.571726 -5.522529 -5.494571 -5.487489 -5.162700 -5.021689 -4.690750 -4.568486 -4.503890 -4.506807 -4.781427 -4.950020 -5.037017 -5.378546 -5.514435 -5.519947 -5.517076 -5.529912 -5.535704 -5.547803 -5.537927 -5.541480 -5.536409 -5.535740 -5.518849 -5.498397 -5.479130 -5.458520 -5.500637 -5.161671 -4.891750 -4.789580 -5.259958 -5.333172 -5.417332 -5.449652 -5.517391 -5.571978 -5.654638 -5.709278 -5.777646 -5.847264 -5.869428
-5.644562 -5.659383 -5.660417 -5.683340 -5.668619 -5.634020 -5.640486 -5.667109 -5.674562 -5.696066 -5.672995 -5.692584 -5.739564 -5.809588 -5.732172 -5.691314 -5.659545 -5.620593 -5.613992 -5.569830 -5.578876 -5.555572 -5.542319 -5.526374 -5.546078 -5.304990 -5.154023 -5.058267 -5.107301 -5.093914 -5.287621 -5.398851 -5.375304 -5.486083 -5.525566 -5.588355 -5.577359 -5.569397 -5.568241 -5.566819 -5.570523 -5.565765 -5.564573 -5.559026 -5.555256 -5.535522 -5.515445 -5.496223 -5.487403 -5.232343 -4.937023 -4.819397 -4.804879 -5.027261 -5.457311 -5.484862 -5.533092 -5.590822 -5.694225 -5.781844 -5.796925 -5.909467 -5.972969 -6.078911
-5.627467 -5.645509 -5.621627 -5.636767 -5.591615 -5.600775 -5.651169 -5.673373 -5.671197 -5.680765 -5.697718 -5.701963 -5.792032 -5.382077 -5.162920 -5.473849 -5.662915 -5.596202 -5.587194 -5.583991 -5.591704 -5.610945 -5.587982 -5.607070 -5.606656 -5.659708 -5.642067 -5.682548 -5.612752 -5.539231 -5.580453 -5.609866 -5.598298 -5.640337 -5.639109 -5.635547 -5.638795 -5.609862 -5.599744 -5.607328 -5.592968 -5.603353 -5.584414 -5.572584 -5.558474 -5.545257 -5.533632 -5.563337 -5.596965 -5.276184 -4.862763 -4.772445 -4.886104 -5.419542 -5.585126 -5.597375 -5.677298 -5.733732 -5.847703 -5.911028 -5.964833 -6.030667 -6.116661 -6.184702
-5.452833 -5.495526 -5.553521 -5.566897 -5.636479 -5.658410 -5.655092 -5.670180 -5.680870 -5.696981 -5.714503 -5.692798 -5.648371 -5.156485 -5.113360 -5.219181 -5.637566 -5.591912 -5.592008 -5.615536 -5.639213 -5.659775 -5.664798 -5.669316 -5.683622 -5.709496 -5.737442 -5.748867 -5.730036 -5.719287 -5.695434 -5.694608 -5.687733 -5.691023 -5.672168 -5.651830 -5.649561 -5.640507 -5.638768 -5.635183 -5.620471 -5.620361 -5.607813 -5.594227 -5.581045 -5.569503 -5.581348 -5.626815 -5.670995 -5.198695 -4.786464 -4.690131 -5.243199 -5.690527 -5.747815 -5.736723 -5.850399 -5.869679 -5.982533 -6.034248 -6.102090 -6.139428 -6.241442 -6.282053
-5.479267 -5.541460 -5.573149 -5.598413 -5.659610 -5.670435 -5.694477 -5.709923 -5.726619 -5.709000 -5.670581 -5.414711 -5.100468 -5.076949 -5.056734 -5.493023 -5.389765 -5.595205 -5.617913 -5.645631 -5.684028 -5.705493 -5.708872 -5.725608 -5.731311 -5.756056 -5.758476 -5.759318 -5.760874 -5.753376 -5.735000 -5.738658 -5.733947 -5.715920 -5.703261 -5.691905 -5.682632 -5.678731 -5.667831 -5.660946 -5.649515 -5.640725 -5.633652 -5.623720 -5.614755 -5.603833 -5.636016 -5.701656 -5.640303 -4.980513 -4.698180 -4.630025 -5.240403 -5.868494 -5.891744 -5.947183 -5.993638 -6.015801 -6.137855 -6.151325 -6.240080 -6.276217 -6.366441 -6.358117
-5.657801 -5.630628 -5.739307 -5.677358 -5.709913 -5.725018 -5.733106 -5.763631 -5.718991 -5.697332 -5.660375 -5.680909 -5.285890 -5.020488 -5.126669 -5.539268 -5.607768 -5.580995 -5.610076 -5.673838 -5.712548 -5.735844 -5.736403 -5.743674 -5.762842 -5.775350 -5.771640 -5.789063 -5.781333 -5.775619 -5.764151 -5.775412 -5.773059 -5.749179 -5.730716 -5.724064 -5.715946 -5.707942 -5.691018 -5.685365 -5.677191 -5.673730 -5.668578 -5.674958 -5.662825 -5.675437 -5.701934 -5.795181 -5.764674 -5.067538 -4.644932 -4.755910 -5.529546 -6.086309 -6.068902 -6.149956 -6.193116 -6.209081 -6.234285 -6.331279 -6.380212 -6.458470 -6.488139 -6.572504
-5.711674 -5.709968 -5.715286 -5.716211 -5.737211 -5.759486 -5.748550 -5.736778 -5.684889 -5.649068 -5.672187 -5.830864 -4.896180 -4.829702 -4.849146 -5.514530 -5.591624 -5.583175 -5.647300 -5.694358 -5.734907 -5.753447 -5.776847 -5.781630 -5.811554 -5.791237 -5.810139 -5.796953 -5.817124 -5.812449 -5.809365 -5.803899 -5.799053 -5.789225 -5.775807 -5.771258 -5.755108 -5.750962 -5.730428 -5.726745 -5.726635 -5.707735 -5.713852 -5.717705 -5.730699 -5.724229 -5.775018 -5.916461 -5.819919 -5.058889 -4.698957 -4.649752 -5.598867 -6.268888 -6.271342 -6.287505 -6.354321 -6.444973 -6.414532 -6.549100 -6.510065 -6.599258 -6.653898 -6.674334
-5.727771 -5.706782 -5.744576 -5.723841 -5.731678 -5.752138 -5.720823 -5.733614 -5.665033 -5.658560 -5.750736 -5.832836 -5.060451 -4.814943 -4.852575 -5.729655 -5.603211 -5.619575 -5.675915 -5.729286 -5.763786 -5.793308 -5.796086 -5.814852 -5.817411 -5.829643 -5.831866 -5.838830 -5.866872 -5.853046 -5.849919 -5.859408 -5.845951 -5.825319 -5.809985 -5.785606 -5.799718 -5.778152 -5.782369 -5.776968 -5.766614 -5.768144 -5.784666 -5.791920 -5.794704 -5.813110 -5.876740 -5.998120 -6.123030 -5.276221 -4.803966 -4.759465 -6.077221 -6.374823 -6.432714 -6.440068 -6.460696 -6.520092 -6.615104 -6.630069 -6.695214 -6.745671 -6.789119 -6.870611
-5.688086 -5.692636 -5.716064 -5.712749 -5.730192 -5.726413 -5.728982 -5.706116 -5.679023 -5.727431 -5.797720 -5.712660 -4.865250 -4.775278 -5.013731 -5.625119 -5.641668 -5.663549 -5.701495 -5.760159 -5.806168 -5.821626 -5.813039 -5.831968 -5.866277 -5.885689 -5.905828 -5.891527 -5.900116 -5.893780 -5.887095 -5.899633 -5.889347 -5.864452 -5.847871 -5.835868 -5.849609 -5.823372 -5.828074 -5.824879 -5.824314 -5.826891 -5.818968 -5.838630 -5.835629 -5.930271 -5.967421 -6.067563 -6.152905 -6.128836 -5.914983 -6.070596 -6.330215 -6.583585 -6.614720 -6.643918 -6.665515 -6.722416 -6.774154 -6.829082 -6.875003 -6.924261 -6.980347 -7.010130
-5.655138 -5.672213 -5.698988 -5.709362 -5.733247 -5.727170 -5.704431 -5.704987 -5.686889 -5.764108 -5.877725 -5.773018 -5.072346 -4.991588 -5.130826 -5.694735 -5.646980 -5.720339 -5.741130 -5.790119 -5.808748 -5.827103 -5.867448 -5.905330 -5.897071 -5.916964 -5.933149 -5.945177 -5.951940 -5.947333 -5.951831 -5.946910 -5.953758 -5.909801 -5.897650 -5.880223 -5.869138 -5.864070 -5.842809 -5.848788 -5.883033 -5.867185 -5.879649 -5.927381 -5.956022 -6.069934 -6.125306 -6.190047 -6.273152 -6.363330 -6.441733 -6.539761 -6.626331 -6.727157 -6.783889 -6.817767 -6.861107 -6.916689 -6.959475 -7.034438 -7.061794 -7.111697 -7.156813 -7.222330
-5.640135 -5.643341 -5.686150 -5.724289 -5.735873 -5.739608 -5.711025 -5.689195 -5.713669 -5.757368 -5.835962 -5.708116 -5.111341 -5.213156 -5.198335 -5.746310 -5.749146 -5.795213 -5.776318 -5.807465 -5.798948 -5.877125 -5.913608 -5.951749 -5.979972 -5.993651 -6.016760 -6.008163 -6.003763 -6.023567 -6.006953 -5.994705 -5.995798 -5.970402 -5.935667 -5.926401 -5.903787 -5.892945 -5.889615 -5.894583 -5.909980 -5.928977 -5.946723 -6.004900 -6.141138 -6.225802 -6.303289 -6.386544 -6.477988 -6.587465 -6.682355 -6.755852 -6.789250 -6.883825 -6.947192 -7.004501 -7.046014 -7.103888 -7.150168 -7.204732 -7.243496 -7.272656 -7.302116 -7.355662
-5.609426 -5.656142 -5.653262 -5.674724 -5.690771 -5.695641 -5.698740 -5.692864 -5.743859 -5.725552 -5.812491 -5.808228 -5.693075 -5.744062 -5.796486 -5.835745 -5.820588 -5.821197 -5.822982 -5.869212 -5.871802 -5.939783 -5.968298 -6.024018 -6.034656 -6.066566 -6.097133 -6.096679 -6.088150 -6.106344 -6.077092 -6.074780 -6.056860 -6.021754 -6.009893 -6.009223 -5.963204 -5.921119 -5.882936 -5.909321 -5.970420 -6.065190 -6.148100 -6.248457 -6.373831 -6.506844 -6.572709 -6.605116 -6.686753 -6.750107 -6.868716 -6.922495 -6.990766 -7.057495 -7.114244 -7.177031 -7.221243 -7.289431 -7.310859 -7.357270 -7.421559 -7.414510 -7.447265 -7.500723
-5.607049 -5.634505 -5.634222 -5.676372 -5.680206 -5.706543 -5.697970 -5.718101 -5.669263 -5.726071 -5.730031 -5.775553 -5.776764 -5.812410 -5.792568 -5.867270 -5.869172 -5.886266 -5.903471 -5.920485 -5.925991 -6.017928 -6.063978 -6.079927 -6.156370 -6.131494 -6.180062 -6.171112 -6.160970 -6.156513 -6.125253 -6.122222 -6.122029 -6.091727 -6.074133 -6.045356 -6.019698 -6.000179 -5.992254 -6.035249 -6.150936 -6.296162 -6.386583 -6.533482 -6.627766 -6.746337 -6.832553 -6.803389 -6.953015 -6.968616 -7.055119 -7.073150 -7.187673 -7.261272 -7.283570 -7.291228 -7.370354 -7.414429 -7.443926 -7.450289 -7.471299 -7.489177 -7.485916 -7.507406
