gauss: 111.37259900187958
median: 111.66147773672954
wls: 101.5021582733813
