languages-for-data-analysis/zad9/data/wraki utm_grid_0.1_circle_1.0_points_2_power_2.0.asc
ncols 708
nrows 253
xllcenter 452606.36
yllcenter 5967748.7
cellsize 0.1
nodata_value nan
[rows 52 to 77 of 253, columns 420 to 479 of 708]
-5.552046 -5.584203 -5.609395 -5.600192 -5.581738 -5.597331 -5.571745 -5.573453 -5.579123 -5.550045 -5.551393 -5.545802 -5.555674 -5.639646 -5.546966 -5.543162 -5.548423 -5.536167 -5.544459 -5.537201 -5.494981 -5.517242 -5.517490 -5.510640 -5.505405 -5.502167 -5.499643 -5.527255 -5.495340 -5.498179 -5.492524 -5.494332 -5.486726 -5.489495 -5.496446 -5.468014 -5.465546 -5.433296 -5.456889 -5.452197 -5.455559 -5.454412 -5.458138 -5.470010 -5.448803 -5.447722 -5.460459 -5.449413 -5.434412 -5.436854 -5.420434 -5.393067 -5.397577 -5.374622 -5.347806 -5.345415 -5.196452 -5.388409 -5.321023 -5.249321
-5.590083 -5.600306 -5.676656 -5.594183 -5.547641 -5.577333 -5.580111 -5.605501 -5.606681 -5.551726 -5.566986 -5.532363 -5.554044 -5.556133 -5.556680 -5.552303 -5.540096 -5.537095 -5.569860 -5.517829 -5.522298 -5.517018 -5.510215 -5.508533 -5.493405 -5.501465 -5.494436 -5.488726 -5.483922 -5.490310 -5.510363 -5.489495 -5.474788 -5.482254 -5.475884 -5.535023 -5.373134 -5.439607 -5.450629 -5.416847 -5.441843 -5.440149 -5.449144 -5.452158 -5.446461 -5.450017 -5.444549 -5.436228 -5.429843 -5.483038 -5.454455 -5.419940 -5.387393 -5.391035 -5.433288 -5.372816 -4.992314 -5.366085 -5.346753 -5.310039
-5.610006 -5.609740 -5.602480 -5.548186 -5.585120 -5.577108 -5.584537 -5.594569 -5.576660 -5.570401 -5.587204 -5.542865 -5.555073 -5.517689 -5.558535 -5.581599 -5.539635 -5.539467 -5.533334 -5.536743 -5.519115 -5.515064 -5.515397 -5.511085 -5.491462 -5.500088 -5.498269 -5.462156 -5.482568 -5.482658 -5.507776 -5.485562 -5.493448 -5.475115 -5.474480 -5.470212 -5.449491 -5.474438 -5.451467 -5.440029 -5.429046 -5.437158 -5.450947 -5.568802 -5.311282 -5.457370 -5.437430 -5.472100 -5.416376 -5.469808 -5.449682 -5.404172 -5.290828 -5.374813 -5.363748 -5.346516 -5.367750 -5.378764 -5.369542 -5.359865
-5.730450 -5.630481 -5.592605 -5.574415 -5.598449 -5.563392 -5.589184 -5.621018 -5.576948 -5.602711 -5.578244 -5.560535 -5.583757 -5.549984 -5.559475 -5.520093 -5.513473 -5.529137 -5.537965 -5.523946 -5.527305 -5.513339 -5.500257 -5.509986 -5.501270 -5.497770 -5.518792 -5.484207 -5.464756 -5.476741 -5.469513 -5.478200 -5.487030 -5.430423 -5.516393 -5.468038 -5.487900 -5.469890 -5.450767 -5.457682 -5.479192 -5.429613 -5.439153 -5.441629 -5.425073 -5.443316 -5.389641 -5.335673 -5.347882 -5.409987 -5.424202 -5.346878 -5.328020 -5.137623 -5.470055 -5.332650 -5.310402 -5.345942 -5.351652 -5.341522
-5.625418 -5.642938 -5.597888 -5.590113 -5.602578 -5.590644 -5.582946 -5.566913 -5.563699 -5.579452 -5.526454 -5.561642 -5.556177 -5.575833 -5.540028 -5.547072 -5.538207 -5.513241 -5.536230 -5.528318 -5.509379 -5.510441 -5.517742 -5.519955 -5.476866 -5.494217 -5.495240 -5.500757 -5.476632 -5.360463 -5.499968 -5.473003 -5.303301 -5.455282 -5.471903 -5.462511 -5.507102 -5.479953 -5.453858 -5.425814 -5.452646 -5.429949 -5.432811 -5.444643 -5.414049 -5.427213 -5.416666 -5.439973 -5.387403 -5.429989 -5.424482 -5.327010 -5.285034 -5.388788 -5.442907 -5.329097 -5.405019 -5.322462 -5.306671 -5.308988
-5.624815 -5.620181 -5.610502 -5.616814 -5.587378 -5.501168 -5.641156 -5.600914 -5.583129 -5.600549 -5.572019 -5.579971 -5.559822 -5.540574 -5.550099 -5.548447 -5.539397 -5.520032 -5.543066 -5.546939 -5.516330 -5.513204 -5.518028 -5.503365 -5.498787 -5.489780 -5.478550 -5.464008 -5.475752 -5.470662 -5.519918 -5.473568 -5.488317 -5.493985 -5.467436 -5.393066 -5.527364 -5.470545 -5.435678 -5.425488 -5.469676 -5.415570 -5.453242 -5.463366 -5.397665 -5.427489 -5.393204 -5.402728 -5.350213 -5.425779 -5.419068 -5.312655 -5.449790 -5.312424 -5.290908 -5.351341 -5.370217 -5.408104 -5.243243 -5.208122
-5.648746 -5.637022 -5.627949 -5.658620 -5.603073 -5.580173 -5.599470 -5.570024 -5.586388 -5.585138 -5.609740 -5.566155 -5.568719 -5.556966 -5.574633 -5.549900 -5.539100 -5.531901 -5.671241 -5.526125 -5.493332 -5.527790 -5.525065 -5.524705 -5.498136 -5.480019 -5.487858 -5.461225 -5.479057 -5.454132 -5.469519 -5.459733 -5.450019 -5.477167 -5.526099 -5.470974 -5.507773 -5.462674 -5.434427 -5.549825 -5.484202 -5.419860 -5.414223 -5.261989 -5.350494 -5.356794 -5.324355 -5.268672 -5.469834 -5.271987 -5.235377 -5.227632 -5.199074 -5.236804 -5.196894 -5.208704 -5.268115 -5.183840 -5.129948 -5.089140
-5.626494 -5.630376 -5.621021 -5.620141 -5.623439 -5.604785 -5.611787 -5.598082 -5.589503 -5.575623 -5.558545 -5.550009 -5.547772 -5.544827 -5.490298 -5.524012 -5.535133 -5.543443 -5.480048 -5.446945 -5.501252 -5.481291 -5.500001 -5.488726 -5.474479 -5.470025 -5.488081 -5.478701 -5.486065 -5.463855 -5.457608 -5.428681 -5.450001 -5.473144 -5.470134 -5.512644 -5.524164 -5.442797 -5.451179 -5.430002 -5.410945 -5.390318 -5.364156 -5.374962 -5.283102 -5.257155 -5.214282 -5.172449 -5.165666 -5.152117 -5.131466 -5.097108 -5.080150 -5.068199 -5.055367 -5.057227 -5.080284 -5.033535 -4.995432 -4.957024
-5.628521 -5.618813 -5.623874 -5.628976 -5.619058 -5.601962 -5.566502 -5.570013 -5.582471 -5.547764 -5.575700 -5.556510 -5.535045 -5.556470 -5.569984 -5.549911 -5.514190 -5.506745 -5.523473 -5.509291 -5.479102 -5.478714 -5.519983 -5.474777 -5.494799 -5.499990 -5.488738 -5.487586 -5.479971 -5.463810 -5.459386 -5.441136 -5.415574 -5.619077 -5.476380 -5.479959 -5.496266 -5.438239 -5.461524 -5.484147 -5.409326 -5.407031 -5.334212 -5.260159 -5.191883 -5.135674 -5.080091 -5.067563 -5.025851 -4.987849 -4.963731 -4.940278 -4.931560 -4.923063 -4.916604 -4.912560 -4.905699 -4.907775 -4.895883 -4.747329
-5.632022 -5.617551 -5.624280 -5.618840 -5.639975 -5.601389 -5.622023 -5.574238 -5.574194 -5.576706 -5.559947 -5.543615 -5.507752 -5.548103 -5.566651 -5.510008 -5.531629 -5.505379 -5.525757 -5.507885 -5.491455 -5.460794 -5.529987 -5.480004 -5.512185 -5.499126 -5.483132 -5.477443 -5.492996 -5.470000 -5.461476 -5.371971 -5.419875 -5.436170 -5.420858 -5.405796 -5.460944 -5.384026 -5.373944 -5.443118 -5.539866 -5.319043 -5.202461 -5.112818 -5.034410 -4.966404 -4.917543 -4.886993 -4.850920 -4.818539 -4.806405 -4.849995 -4.795726 -4.790667 -4.796042 -4.807534 -4.763096 -4.828244 -4.851737 -4.851278
-5.610002 -5.639168 -5.629460 -5.620119 -5.629999 -5.606541 -5.614138 -5.594718 -5.589851 -5.573148 -5.562820 -5.540679 -5.556832 -5.569998 -5.554357 -5.537891 -5.619993 -5.510878 -5.508975 -5.508636 -5.514659 -5.489954 -5.512018 -5.466824 -5.490111 -5.486970 -5.474210 -5.486127 -5.498570 -5.473565 -5.452430 -5.459999 -5.446025 -5.450387 -5.415740 -5.398221 -5.336466 -5.293821 -5.324090 -5.314567 -5.226342 -5.128267 -5.032186 -4.936282 -4.848806 -4.782751 -4.736799 -4.717822 -4.685788 -4.662662 -4.668275 -4.676773 -4.675406 -4.687088 -4.687749 -4.668914 -4.810010 -4.894712 -4.824248 -4.843038
-5.659058 -5.650712 -5.632127 -5.643276 -5.603663 -5.576984 -5.607825 -5.596231 -5.588626 -5.576633 -5.585594 -5.590242 -5.576575 -5.544161 -5.551153 -5.528459 -5.496819 -5.518344 -5.492454 -5.430000 -5.498952 -5.500000 -5.506179 -5.489551 -5.488998 -5.476841 -5.500000 -5.534384 -5.554499 -5.473495 -5.511718 -5.264363 -5.449507 -5.451829 -5.425185 -5.306090 -5.238091 -5.197057 -5.152360 -5.118036 -5.037392 -4.953789 -4.868574 -4.777434 -4.690201 -4.612370 -4.581954 -4.580582 -4.567925 -4.582794 -4.551811 -4.565842 -4.553295 -4.599639 -4.689623 -4.668431 -4.762998 -4.931502 -4.800869 -4.910000
-5.639529 -5.640880 -5.674998 -5.629999 -5.618336 -5.593577 -5.603181 -5.570002 -5.578054 -5.575829 -5.600343 -5.557842 -5.556793 -5.520001 -5.523664 -5.520041 -5.536332 -5.521007 -5.479390 -5.488668 -5.495275 -5.477115 -5.500955 -5.480756 -5.481468 -5.475695 -5.460002 -5.482753 -5.467274 -5.510937 -5.397638 -5.516335 -5.424880 -5.379733 -5.298464 -5.175980 -5.108952 -5.081653 -5.045389 -5.149995 -4.876168 -4.816607 -4.727055 -4.650945 -4.579132 -4.481417 -4.444412 -4.495965 -4.429990 -4.482285 -4.382200 -4.503880 -4.455174 -4.355829 -4.612980 -4.524363 -4.766104 -4.749030 -4.781609 -4.820008
-5.634328 -5.661170 -5.611631 -5.629995 -5.611545 -5.592688 -5.571120 -5.584570 -5.619986 -5.579995 -5.561733 -5.550010 -5.541863 -5.530032 -5.519991 -5.515022 -5.559977 -5.500273 -5.475630 -5.485023 -5.493757 -5.490660 -5.492097 -5.490001 -5.484737 -5.475263 -5.479795 -5.480321 -5.555250 -5.533145 -5.416725 -5.554500 -5.311920 -5.290658 -5.183668 -5.029615 -4.978652 -4.988011 -4.926361 -4.882840 -4.805414 -4.779842 -4.537252 -4.552493 -4.533449 -4.495683 -4.466098 -4.455209 -4.429572 -4.406616 -4.429036 -4.476465 -4.428986 -4.565006 -4.618014 -4.340114 -4.628913 -4.781726 -4.777711 -4.816116
-5.650772 -5.621679 -5.594339 -5.577990 -5.604472 -5.567738 -5.589205 -5.575902 -5.593077 -5.550016 -5.551636 -5.547781 -5.539997 -5.517183 -5.520091 -5.495242 -5.519989 -5.504690 -5.484786 -5.484404 -5.503197 -5.485681 -5.466151 -5.486990 -5.500564 -5.679766 -5.483353 -5.504706 -5.598057 -5.569927 -5.374319 -5.451538 -5.026388 -5.183427 -5.105398 -4.970333 -4.977436 -4.926541 -4.902507 -4.783076 -4.721685 -4.632944 -4.440055 -4.518013 -4.457874 -4.439918 -4.413881 -4.421134 -4.370175 -4.386043 -4.383078 -4.421738 -4.399892 -4.677922 -4.639141 -4.495219 -4.408993 -4.710424 -4.770247 -4.769835
-5.628024 -5.606096 -5.613732 -5.597100 -5.612603 -5.580010 -5.575995 -5.589984 -5.594614 -5.564114 -5.542724 -5.541391 -5.501812 -5.515666 -5.495886 -5.491310 -5.503695 -5.420111 -5.482873 -5.483359 -5.472489 -5.470017 -5.479893 -5.450052 -5.538859 -5.719159 -5.484277 -5.475178 -5.541537 -5.508539 -5.336941 -5.223547 -5.014976 -5.010656 -5.041247 -4.973139 -4.918053 -4.875355 -4.868683 -4.766566 -4.661149 -4.572693 -4.462066 -4.475856 -4.445810 -4.400989 -4.407393 -4.393520 -4.367462 -4.340063 -4.372891 -4.290266 -4.377674 -4.372571 -4.578549 -4.679365 -4.310501 -4.652782 -4.717268 -4.764574
-5.621716 -5.621151 -5.607467 -5.597805 -5.629915 -5.599972 -5.619856 -5.560525 -5.568442 -5.557061 -5.545970 -5.535908 -5.544272 -5.490038 -5.497462 -5.491613 -5.542797 -5.466360 -5.490011 -5.486353 -5.450072 -5.502696 -5.470061 -5.462572 -5.483135 -5.480156 -5.524925 -5.450726 -5.480125 -5.587991 -5.237007 -5.119992 -5.054239 -5.040810 -4.998860 -4.970831 -4.939226 -4.825678 -4.829830 -4.769880 -4.606613 -4.569914 -4.467827 -4.431363 -4.428995 -4.380073 -4.387224 -4.376595 -4.374969 -4.340041 -4.383507 -4.320195 -4.369504 -4.540760 -4.564406 -4.447491 -4.524890 -4.666636 -4.578335 -4.761620
-5.614640 -5.593895 -5.578859 -5.535990 -5.603649 -5.594594 -5.568429 -5.561614 -5.547617 -5.544909 -5.546265 -5.544086 -5.534941 -5.517105 -5.504913 -5.519944 -5.532884 -5.470339 -5.482255 -5.484740 -5.479161 -5.494904 -5.460042 -5.463550 -5.481431 -5.536999 -5.490033 -5.434281 -5.484369 -5.442169 -5.205558 -5.047009 -5.000079 -4.950169 -4.969470 -4.989065 -4.870754 -4.760033 -4.451907 -4.604526 -4.572798 -4.536712 -4.466695 -4.427163 -4.428000 -4.388110 -4.392854 -4.388017 -4.340814 -4.340119 -4.378191 -4.350931 -4.310467 -4.454248 -4.545765 -4.380799 -4.677981 -4.656872 -4.585453 -4.759956
-5.593298 -5.599969 -5.599927 -5.540348 -5.590665 -5.573284 -5.567533 -5.573380 -5.579715 -5.543373 -5.539993 -5.524346 -5.528180 -5.509665 -5.521699 -5.549801 -5.479253 -5.470175 -5.485763 -5.485142 -5.480031 -5.477776 -5.479446 -5.493047 -5.475561 -5.527422 -5.484809 -5.404088 -5.460326 -5.687576 -4.980825 -5.076849 -5.048572 -4.996942 -4.966680 -4.920417 -4.834136 -4.619882 -4.744768 -4.713587 -4.524053 -4.541889 -4.447609 -4.450459 -4.421499 -4.410713 -4.400941 -4.350862 -4.335146 -4.337460 -4.351034 -4.353359 -4.336713 -4.471111 -4.348966 -4.592305 -4.397770 -4.719383 -4.470190 -4.800708
-5.622683 -5.592155 -5.591131 -5.562179 -5.577589 -5.566107 -5.587051 -5.551645 -5.554723 -5.535461 -5.541618 -5.531815 -5.529553 -5.451383 -5.502656 -5.498290 -5.510018 -5.484503 -5.484818 -5.485929 -5.483013 -5.469092 -5.489962 -5.492553 -5.487831 -5.507225 -5.498366 -5.267268 -5.319626 -5.348500 -4.961099 -5.058605 -5.010239 -4.979769 -4.955579 -4.969176 -4.739807 -4.862469 -4.609471 -4.690065 -4.539420 -4.452102 -4.452875 -4.430586 -4.412033 -4.373845 -4.391026 -4.377184 -4.375516 -4.353378 -4.340449 -4.366684 -4.357581 -4.391918 -4.541283 -4.482073 -4.444141 -4.699667 -4.751491 -4.821896
-5.607931 -5.585857 -5.572086 -5.579880 -5.572885 -5.561180 -5.558178 -5.544322 -5.538656 -5.517130 -5.545247 -5.520332 -5.543534 -5.485680 -5.507888 -5.495327 -5.515538 -5.489141 -5.483247 -5.483702 -5.412224 -5.465073 -5.502612 -5.484508 -5.492843 -5.480104 -5.588587 -5.061824 -5.278394 -5.531607 -5.075943 -5.022249 -5.029031 -4.959501 -4.979677 -4.848892 -4.670755 -4.681965 -4.714101 -4.676290 -4.559671 -4.592752 -4.437986 -4.423736 -4.415178 -4.402163 -4.411390 -4.380287 -4.362655 -4.369095 -4.404358 -4.330998 -4.341149 -4.401796 -4.409887 -4.372475 -4.715185 -4.722483 -4.918187 -4.858769
-5.579810 -5.570880 -5.561086 -5.540284 -5.545018 -5.565880 -5.555129 -5.539147 -5.530073 -5.536164 -5.537853 -5.529219 -5.518231 -5.507704 -5.487107 -5.485392 -5.503893 -5.506403 -5.477135 -5.483411 -5.469091 -5.558861 -5.500671 -5.484884 -5.538583 -5.540056 -5.485992 -5.113435 -5.199879 -5.188075 -5.108739 -5.022957 -5.006635 -4.948869 -4.948953 -4.828278 -4.659684 -4.796041 -4.559607 -4.463992 -4.699058 -4.505631 -4.463418 -4.415884 -4.437265 -4.398265 -4.418640 -4.396974 -4.376930 -4.387493 -4.410170 -4.376345 -4.371039 -4.427076 -4.402432 -4.584353 -4.486168 -4.740998 -4.819582 -4.810095
-5.564876 -5.553529 -5.562991 -5.557499 -5.552829 -5.569935 -5.559416 -5.543484 -5.544607 -5.535673 -5.550026 -5.521381 -5.491607 -5.451913 -5.519738 -5.491208 -5.511566 -5.470902 -5.472333 -5.476358 -5.472880 -5.483094 -5.465060 -5.508837 -5.482683 -5.546141 -5.134384 -5.187266 -5.174538 -5.085448 -5.090314 -5.005531 -5.036558 -4.935323 -4.926777 -4.977139 -4.645071 -4.721201 -4.606953 -4.586286 -4.680100 -4.555772 -4.482446 -4.419239 -4.442321 -4.407592 -4.430156 -4.416086 -4.391193 -4.356623 -4.383252 -4.371558 -4.415881 -4.478302 -4.354216 -4.500777 -4.550903 -4.772417 -4.825342 -4.764786
-5.574992 -5.580181 -5.570074 -5.550229 -5.568359 -5.567318 -5.543055 -5.565951 -5.557993 -5.549868 -5.536932 -5.528313 -5.513019 -5.517217 -5.500076 -5.494629 -5.488070 -5.480767 -5.490970 -5.475265 -5.479960 -5.491891 -5.473167 -5.548828 -5.675702 -5.482529 -5.222296 -5.106245 -5.072431 -5.081086 -5.078066 -4.986666 -5.015105 -4.940292 -4.934009 -4.809722 -4.696975 -4.639089 -4.635975 -4.622624 -4.568477 -4.424374 -4.497142 -4.363879 -4.448022 -4.444366 -4.389370 -4.414248 -4.433829 -4.391658 -4.434434 -4.316364 -4.432031 -4.409116 -4.584932 -4.390146 -4.763067 -4.793954 -4.820633 -4.816361
-5.572682 -5.585947 -5.609288 -5.557856 -5.570640 -5.571741 -5.585475 -5.574080 -5.545599 -5.549897 -5.510630 -5.461486 -5.518763 -5.519784 -5.511038 -5.495881 -5.499226 -5.490074 -5.495567 -5.481375 -5.490975 -5.528910 -5.478536 -5.497753 -5.513322 -5.425741 -5.188230 -5.060282 -5.002810 -5.033961 -5.069715 -5.029952 -5.002148 -4.953783 -4.876011 -4.523100 -4.622581 -4.474982 -4.555670 -4.463415 -4.409577 -4.589987 -4.546817 -4.467894 -4.472456 -4.351245 -4.425068 -4.452360 -4.365639 -4.462073 -4.462160 -4.367482 -4.553896 -4.585109 -4.729316 -4.800831 -4.805150 -4.772425 -4.881254 -4.870686
-5.613556 -5.593386 -5.580249 -5.550247 -5.531920 -5.637442 -5.575718 -5.559994 -5.558484 -5.546571 -5.538547 -5.529276 -5.521458 -5.530035 -5.499011 -5.509612 -5.484002 -5.494218 -5.528920 -5.459161 -5.440203 -5.491616 -5.501526 -5.610916 -5.547554 -5.299952 -5.034519 -5.094563 -5.082039 -5.044562 -5.060583 -5.039718 -5.003313 -4.950450 -4.751999 -4.801612 -4.692632 -4.535225 -4.656798 -4.520059 -4.482540 -4.566357 -4.501391 -4.508568 -4.418034 -4.462291 -4.586493 -4.583844 -4.674537 -4.579933 -4.557299 -4.588781 -4.370171 -4.514475 -4.833594 -4.866428 -4.920616 -4.824017 -4.935006 -4.971665
