languages-for-data-analysis/zad9/data/wraki utm_grid_0.1_circle_1.0_points_2_power_2.0.asc
ncols 708
nrows 253
xllcenter 452606.36
yllcenter 5967748.7
cellsize 0.1
nodata_value nan
[rows 130 to 155 of 253, columns 240 to 299 of 708]
-5.670052 -5.699583 -5.718140 -5.686953 -5.693085 -5.728813 -5.680052 -5.704328 -5.705311 -5.690064 -5.721083 -5.720909 -5.740634 -5.722115 -5.764867 -5.738105 -5.739640 -5.730050 -5.766137 -5.750714 -5.750561 -5.756175 -5.773299 -5.752219 -5.785196 -5.811293 -5.919782 -5.843364 -5.881098 -5.890783 -5.939837 -5.969747 -5.904794 -5.926046 -5.934526 -5.839089 -5.971922 -5.700330 -5.755205 -5.698189 -5.550793 -5.758447 -5.566863 -5.804080 -5.776957 -5.737781 -5.776653 -5.849897 -5.852008 -5.795554 -5.889745 -5.790244 -5.767217 -5.740800 -5.747185 -5.719735 -5.707415 -5.670044 -5.669980 -5.669871
-5.693207 -5.680229 -5.709442 -5.696861 -5.680027 -5.711077 -5.693511 -5.719968 -5.710315 -5.700041 -5.709446 -5.718399 -5.715623 -5.727426 -5.719119 -5.752190 -5.750036 -5.740399 -5.748947 -5.710103 -5.754995 -5.743056 -5.757896 -5.814354 -5.778181 -5.790538 -5.829995 -5.844259 -5.915977 -5.891351 -5.867353 -5.919892 -5.690737 -5.645009 -5.725590 -5.678818 -5.896213 -5.878897 -5.649820 -5.551630 -5.555007 -5.500172 -5.522068 -5.585361 -5.533427 -5.919245 -5.738777 -5.655151 -5.794844 -5.790061 -5.774764 -5.791089 -5.780141 -5.726543 -5.731686 -5.653771 -5.652709 -5.678546 -5.669931 -5.610791
-5.707642 -5.699706 -5.739935 -5.684027 -5.702664 -5.703192 -5.704495 -5.713332 -5.728045 -5.711771 -5.710786 -5.708084 -5.712023 -5.718558 -5.720040 -5.739977 -5.735547 -5.727072 -5.740011 -5.744436 -5.752350 -5.744999 -5.759037 -5.825212 -5.796926 -5.817633 -5.833108 -5.908911 -5.866310 -5.989268 -5.881648 -5.998986 -5.740768 -5.799364 -5.570417 -5.659002 -5.577294 -5.590132 -5.455042 -5.444654 -5.420194 -5.404476 -5.414356 -5.370961 -5.396455 -5.672885 -5.898031 -5.724698 -5.886635 -5.854814 -5.768194 -5.783665 -5.731099 -5.766872 -5.679350 -5.716020 -5.653011 -5.651714 -5.689489 -5.583140
-5.706709 -5.702335 -5.706987 -5.708309 -5.755802 -5.709006 -5.742149 -5.729509 -5.722707 -5.717226 -5.718578 -5.769547 -5.727580 -5.729484 -5.727546 -5.745379 -5.720116 -5.725927 -5.738160 -5.732313 -5.762543 -5.752147 -5.769973 -5.784897 -5.797464 -5.805461 -5.859037 -5.856335 -5.934041 -5.871085 -5.847462 -5.866402 -5.659386 -5.554288 -5.430224 -5.528743 -5.270562 -5.359947 -5.170925 -5.189048 -5.281315 -5.112250 -5.224120 -5.186746 -5.186877 -5.376699 -5.656572 -5.667575 -5.830056 -5.757799 -5.750470 -5.790009 -5.719431 -5.690277 -5.759087 -5.600612 -5.627985 -5.669994 -5.626259 -5.572580
-5.606755 -5.738898 -5.748060 -5.700114 -5.721506 -5.719541 -5.738745 -5.749700 -5.715248 -5.738557 -5.722838 -5.729168 -5.720485 -5.730761 -5.720096 -5.723025 -5.744161 -5.710203 -5.739902 -5.739844 -5.738848 -5.744106 -5.774622 -5.789665 -5.790084 -5.814314 -5.870547 -5.849293 -5.800393 -5.823588 -5.620255 -5.583853 -5.440792 -5.399854 -5.252818 -5.240848 -5.224598 -5.150174 -5.071166 -5.131617 -5.079883 -5.076268 -4.961840 -4.988767 -5.129735 -4.906675 -5.435242 -5.691377 -5.753198 -5.819619 -5.739821 -5.750064 -5.699408 -5.719366 -5.656460 -5.650120 -5.590242 -5.616774 -5.566451 -5.549996
-5.703612 -5.743464 -5.709066 -5.711231 -5.716705 -5.730206 -5.713750 -5.725900 -5.653488 -5.719976 -5.731301 -5.727343 -5.749032 -5.730053 -5.734971 -5.722663 -5.733762 -5.743464 -5.728905 -5.740011 -5.733672 -5.716813 -5.761477 -5.707912 -5.785654 -5.868060 -5.838714 -5.840049 -5.741981 -5.683548 -5.302514 -5.399657 -5.267451 -5.363361 -5.142902 -5.120703 -5.152833 -5.054111 -4.961706 -5.031367 -5.009981 -5.040359 -5.033122 -4.915444 -5.101366 -4.988417 -5.543890 -5.907495 -5.784457 -5.840026 -5.710172 -5.790039 -5.670473 -5.787699 -5.579581 -5.631551 -5.604349 -5.597022 -5.552051 -5.526568
-5.721405 -5.739682 -5.723277 -5.716664 -5.727887 -5.720064 -5.720447 -5.729103 -5.414460 -5.781333 -5.734636 -5.737136 -5.740567 -5.734906 -5.738750 -5.759339 -5.726100 -5.720239 -5.734284 -5.731906 -5.731765 -5.758567 -5.752042 -5.768803 -5.791519 -5.826334 -5.857527 -5.813474 -5.609247 -5.923303 -5.075135 -5.130176 -5.188197 -5.172321 -4.975307 -5.049199 -4.912624 -4.997984 -4.941633 -4.881924 -4.852317 -4.969776 -4.920638 -4.842513 -4.877418 -5.572995 -5.808289 -5.779288 -5.715086 -5.788972 -5.684728 -5.700645 -5.657688 -5.625412 -5.613475 -5.646255 -5.579425 -5.531618 -5.471781 -5.484040
-5.710914 -5.724885 -5.717473 -5.714901 -5.729955 -5.731000 -5.732871 -5.723996 -5.691018 -5.731701 -5.734533 -5.744099 -5.764557 -5.743796 -5.745366 -5.740530 -5.736336 -5.741096 -5.743355 -5.742607 -5.739702 -5.759962 -5.758423 -5.768175 -5.799477 -5.893954 -5.303324 -5.756431 -5.442166 -5.017369 -5.030863 -5.478008 -5.257374 -5.147017 -5.013559 -5.055475 -4.882828 -5.060664 -4.954429 -4.893942 -4.842400 -4.896383 -4.906809 -4.915287 -4.999069 -4.843137 -5.537748 -5.614068 -5.748960 -5.714231 -5.661115 -5.681389 -5.609588 -5.603875 -5.565195 -5.488645 -5.551961 -5.483979 -5.507333 -5.440539
-5.736738 -5.726955 -5.738807 -5.756830 -5.732990 -5.734709 -5.745860 -5.769052 -5.736568 -5.742353 -5.749444 -5.739697 -5.748869 -5.779749 -5.768255 -5.750380 -5.755838 -5.759802 -5.730881 -5.742041 -5.720238 -5.754574 -5.764016 -5.806512 -5.826267 -5.798711 -5.726502 -5.184682 -5.508003 -5.271363 -5.131734 -5.174356 -5.394735 -5.024607 -5.150033 -5.066200 -5.100137 -5.057229 -5.037705 -5.063397 -5.080360 -4.958141 -4.930826 -4.832967 -4.882959 -5.286208 -5.646307 -5.068886 -5.698437 -5.693294 -5.662499 -5.637075 -5.607489 -5.646996 -5.549826 -5.562661 -5.566284 -5.491080 -5.532277 -5.456922
-5.741261 -5.756117 -5.732416 -5.740410 -5.743180 -5.741811 -5.750227 -5.808525 -5.769821 -5.766580 -5.769105 -5.773007 -5.740181 -5.743925 -5.745597 -5.737493 -5.758877 -5.746026 -5.701109 -5.740018 -5.726960 -5.751370 -5.793816 -5.776762 -5.766211 -5.105675 -5.785836 -5.585648 -5.697169 -5.077569 -5.318461 -5.410324 -5.201042 -5.148755 -5.211711 -5.161293 -5.148515 -5.054259 -5.088574 -5.057603 -5.088035 -5.065489 -4.833300 -4.744869 -5.020028 -5.169609 -5.488205 -5.692127 -5.632969 -5.690309 -5.664821 -5.638105 -5.607457 -5.539534 -5.606372 -5.552617 -5.557961 -5.487959 -5.470681 -5.442517
-5.777364 -5.743617 -5.762373 -5.754093 -5.750037 -5.750642 -5.742777 -5.775108 -5.748073 -5.768454 -5.740747 -5.765802 -5.767717 -5.730559 -5.748169 -5.701084 -5.731663 -5.736918 -5.739054 -5.750812 -5.740295 -5.744573 -5.766794 -5.836027 -5.791498 -5.761249 -5.773253 -5.760408 -5.878322 -5.220366 -6.068314 -5.411881 -5.336126 -5.142985 -5.175793 -5.126026 -5.164516 -5.198947 -5.061136 -5.065873 -5.093700 -5.069401 -5.017110 -5.004098 -5.116284 -4.993025 -5.399118 -5.554059 -5.658207 -5.650113 -5.777278 -5.639529 -5.653225 -5.609798 -5.569298 -5.517490 -5.562743 -5.406885 -5.466726 -5.475426
-5.750422 -5.756045 -5.767619 -5.784915 -5.780341 -5.749838 -5.784382 -5.773236 -5.755143 -5.779027 -5.768495 -5.740098 -5.788705 -5.757264 -5.763274 -5.730903 -5.736051 -5.734091 -5.723512 -5.749398 -5.760957 -5.728846 -5.760439 -5.863975 -5.791709 -5.789951 -5.876196 -5.985335 -5.760075 -5.470679 -6.124042 -5.390046 -5.631744 -5.241319 -5.178260 -5.182401 -5.186071 -5.147193 -5.266634 -4.914629 -5.120087 -5.079025 -4.943135 -4.929475 -4.862474 -5.019903 -5.354180 -5.376729 -5.482772 -5.655288 -5.645663 -5.607860 -5.716556 -5.551560 -5.556918 -5.523964 -5.526945 -5.460650 -5.490963 -5.354446
-5.768529 -5.760310 -5.766946 -5.773903 -5.749419 -5.807389 -5.784264 -5.770368 -5.767548 -5.804300 -5.779921 -5.768791 -5.752580 -5.775711 -5.770470 -5.750559 -5.723574 -5.769329 -5.723990 -5.721618 -5.779856 -5.775398 -5.641556 -5.840852 -5.812441 -5.815649 -5.918056 -5.885167 -5.954478 -5.200247 -5.594996 -5.264772 -5.717653 -5.266324 -5.264149 -5.209897 -5.065498 -5.148792 -5.170657 -5.066493 -5.417919 -5.128355 -5.100070 -5.076437 -5.114639 -5.037815 -5.537975 -5.395809 -5.562624 -5.668298 -5.716360 -5.573609 -5.572695 -5.614939 -5.550827 -5.507692 -5.439459 -5.486313 -5.477708 -5.433490
-5.773997 -5.755176 -5.791205 -5.784337 -5.748572 -5.786679 -5.793208 -5.785493 -5.772567 -5.824942 -5.795696 -5.751264 -5.769490 -5.774329 -5.789168 -5.750987 -5.784963 -5.788518 -5.820178 -5.786040 -5.771422 -5.742316 -5.755752 -5.830998 -5.791882 -5.836557 -5.903643 -6.002190 -5.925283 -5.697360 -5.593120 -5.373467 -5.349143 -5.223048 -5.219488 -5.225264 -5.126248 -5.005271 -5.170735 -5.096018 -5.129234 -5.151717 -5.114611 -5.135947 -5.108470 -5.117409 -5.308494 -5.541502 -5.069668 -5.579265 -5.613716 -5.594928 -5.698446 -5.579400 -5.569012 -5.561984 -5.500094 -5.448790 -5.478346 -5.494940
-5.793545 -5.789853 -5.838344 -5.760189 -5.786475 -5.806331 -5.798337 -5.770053 -5.781763 -5.811190 -5.794049 -5.785368 -5.802574 -5.786681 -5.774464 -5.748693 -5.789676 -5.799985 -5.786743 -5.803158 -5.796771 -5.787875 -5.806893 -5.857502 -5.870457 -5.846434 -5.944998 -5.978642 -5.883638 -5.756904 -5.562795 -5.295391 -5.331156 -5.300167 -5.236705 -5.230375 -5.203104 -5.169348 -5.085323 -5.140026 -5.167115 -5.159451 -5.043312 -5.142433 -5.067485 -5.236084 -5.402723 -5.500943 -5.058678 -5.577248 -5.666667 -5.621311 -5.601210 -5.588595 -5.573242 -5.579167 -5.474256 -5.507161 -5.482805 -5.511720
-5.786208 -5.826674 -5.837996 -5.809097 -5.821492 -5.733698 -5.811778 -5.803008 -5.768141 -5.817726 -5.811843 -5.761790 -5.829365 -5.800854 -5.818043 -5.808733 -5.789187 -5.804443 -5.772738 -5.831071 -5.808869 -5.820447 -5.832076 -5.888418 -5.882685 -5.857698 -5.922048 -5.925514 -5.924573 -5.727199 -5.571979 -5.432048 -5.405495 -5.290133 -5.248321 -5.228342 -5.173373 -5.165482 -5.119263 -5.173255 -5.165383 -5.080048 -5.191332 -5.005390 -5.054047 -5.282644 -5.338444 -5.622221 -5.204052 -5.653715 -5.687078 -5.622376 -5.603459 -5.642325 -5.632346 -5.550104 -5.358693 -5.571428 -5.497827 -5.619790
-5.822119 -5.827091 -5.853965 -5.837458 -5.841511 -5.878353 -5.872166 -5.772673 -5.905127 -5.717049 -5.802856 -5.811275 -5.861553 -5.833523 -5.801100 -5.816363 -5.800143 -5.844299 -5.795487 -5.854633 -5.821198 -5.898873 -5.839781 -5.794295 -5.869354 -5.892818 -5.900105 -5.972800 -5.981044 -5.881018 -5.977066 -5.374584 -5.310367 -5.336740 -5.183819 -5.266942 -5.196473 -5.122433 -5.161775 -5.140477 -5.172100 -5.167526 -5.233175 -5.027363 -5.159634 -5.328922 -5.403139 -5.304742 -5.374902 -5.646598 -5.674962 -5.643292 -5.637568 -5.687849 -5.522280 -5.647248 -5.561839 -5.556549 -5.549927 -5.510904
-5.849911 -5.880370 -5.869891 -5.889466 -5.865920 -5.860815 -5.873706 -5.832048 -5.897216 -5.827586 -5.836637 -5.723832 -5.884874 -5.869264 -5.853669 -5.850479 -5.874566 -5.852473 -5.864177 -5.858431 -5.852299 -5.879660 -5.881924 -5.886566 -5.896949 -5.898128 -5.947780 -6.041047 -5.928010 -6.145133 -5.408112 -5.405161 -5.361865 -5.306479 -5.191011 -5.259937 -5.232166 -5.157031 -5.199711 -5.186705 -5.138107 -5.220523 -5.202625 -5.092597 -5.045500 -5.561223 -4.985205 -5.643622 -5.178929 -5.647365 -5.738930 -5.676223 -5.685518 -5.641764 -5.589724 -5.598707 -5.593718 -5.574657 -5.625103 -5.596907
-5.890615 -5.897789 -5.870040 -5.908594 -5.902418 -5.949085 -5.876856 -5.845129 -5.887049 -5.807925 -5.881694 -5.867610 -5.884154 -5.879551 -5.877298 -5.867437 -5.899451 -5.893239 -5.923509 -5.873145 -5.879068 -5.776825 -5.889941 -5.854930 -5.934179 -5.870906 -6.064013 -5.930905 -5.855643 -5.970636 -5.744817 -5.323316 -5.425340 -5.390293 -5.319941 -5.279730 -5.174395 -5.240482 -5.188644 -5.123224 -5.226257 -5.226014 -5.200566 -5.116831 -5.232442 -5.609780 -5.126990 -5.607320 -5.873292 -5.674677 -5.700426 -5.680468 -5.698688 -5.659732 -5.643538 -5.656991 -5.716566 -5.552812 -5.574501 -5.527067
-5.910459 -5.946551 -5.909614 -5.891989 -5.901194 -5.913042 -5.911999 -5.918232 -5.961092 -5.848257 -5.934716 -5.889384 -5.888966 -5.884357 -5.901034 -5.897862 -5.911249 -5.861434 -5.908982 -5.922559 -5.913336 -5.873359 -5.942954 -5.789088 -5.938830 -5.949937 -5.993358 -5.944378 -5.950628 -6.007253 -5.596424 -5.719977 -5.474220 -5.316457 -5.329752 -5.139392 -5.255606 -5.259694 -5.202069 -5.246058 -5.127019 -5.228896 -5.067475 -5.066054 -5.280884 -5.560269 -5.323109 -5.705046 -5.476053 -5.702679 -5.784389 -5.769857 -5.732074 -5.752962 -5.736642 -5.615533 -5.641792 -5.523294 -5.623412 -5.566835
-5.958782 -5.937762 -5.899725 -5.901975 -5.925583 -5.817903 -5.941375 -5.997800 -5.970931 -5.873742 -5.921090 -5.922978 -5.959569 -5.909445 -5.950094 -5.892341 -5.947689 -5.967671 -5.962653 -5.896598 -5.956597 -5.799177 -5.929408 -5.958388 -5.965754 -5.935207 -5.986869 -5.929261 -5.821645 -5.537024 -5.843980 -6.090151 -5.485108 -5.300605 -5.339714 -5.264896 -5.191698 -5.282541 -5.216866 -5.279961 -5.123123 -5.280775 -5.071787 -5.261003 -5.428452 -5.361799 -5.474840 -5.529079 -5.416176 -5.761823 -5.791170 -5.864642 -5.871877 -5.692895 -5.703283 -5.613373 -5.687580 -5.583327 -5.643263 -5.555145
-5.927850 -5.813299 -5.964087 -5.986187 -6.042855 -5.915956 -5.969300 -5.992712 -5.969929 -5.926605 -5.949298 -5.911904 -5.953067 -5.974743 -5.962180 -5.859510 -5.954570 -5.880712 -5.985321 -6.025042 -5.990734 -5.990490 -5.992371 -5.918784 -5.885610 -5.941107 -5.991057 -5.958519 -6.096301 -5.239223 -5.367162 -5.719448 -5.247727 -5.215287 -5.345109 -5.342582 -5.237124 -5.335269 -5.222419 -5.343553 -5.248048 -5.512232 -5.239960 -5.309508 -5.110726 -5.159156 -5.440893 -5.623696 -5.558612 -5.638050 -5.763963 -5.882874 -5.765880 -5.735986 -5.737072 -5.857085 -5.685940 -5.630892 -5.700247 -5.537720
-5.915070 -5.955692 -6.002783 -5.982672 -5.971124 -6.003494 -5.973344 -6.084634 -5.971028 -5.968524 -5.987395 -5.973718 -5.991491 -6.002173 -6.027410 -5.983661 -6.046958 -5.898520 -6.017213 -6.056646 -6.041163 -6.024362 -6.014050 -5.932036 -5.964735 -5.928262 -5.921579 -5.954275 -5.949716 -5.634720 -5.356800 -5.745269 -5.440162 -5.373641 -5.319743 -5.354674 -5.380232 -5.315502 -5.365874 -5.758232 -5.366168 -5.556536 -5.686438 -5.357500 -5.504538 -5.452714 -5.394178 -5.622616 -5.664834 -5.686190 -5.873032 -5.774650 -5.794784 -5.796439 -5.813325 -5.735504 -5.729349 -5.642583 -5.677106 -5.629969
-6.003168 -6.012234 -6.057571 -6.006700 -6.004368 -6.001669 -5.984967 -5.981848 -6.020252 -5.983203 -5.996412 -5.943210 -6.028670 -5.986679 -6.014236 -6.027355 -6.052563 -6.019334 -6.059950 -5.896254 -6.034928 -6.009707 -6.036788 -5.930147 -5.929415 -5.958153 -5.925853 -5.946403 -5.793297 -5.842683 -5.654602 -5.404052 -5.637569 -5.457205 -5.416586 -5.399807 -5.817760 -5.307351 -5.401612 -5.618820 -5.374088 -5.603615 -5.328634 -5.384045 -5.473916 -5.505217 -5.347875 -6.053714 -6.010014 -5.751385 -6.001064 -5.836301 -5.880200 -5.758762 -5.778895 -5.823602 -5.824217 -5.708702 -5.699185 -5.586519
-6.045175 -6.048343 -5.990354 -6.030026 -6.047420 -6.015879 -5.974920 -6.081188 -6.006424 -6.113856 -6.016485 -6.005000 -6.056427 -6.006977 -6.031865 -5.902740 -6.111845 -6.100896 -6.097220 -6.055916 -6.170683 -6.144951 -6.262770 -5.922804 -5.969321 -5.957079 -6.006821 -5.882912 -6.184401 -5.199738 -5.707646 -5.603463 -5.841026 -5.759363 -5.597858 -5.463886 -5.805778 -5.462002 -5.471209 -5.761812 -4.993056 -5.654859 -5.076153 -5.367253 -5.409611 -5.457597 -5.519586 -5.656711 -6.120832 -5.753202 -6.058560 -5.873737 -5.915727 -5.808012 -5.819820 -5.835040 -5.790611 -5.747130 -5.726996 -5.696612
-6.045981 -6.100956 -5.943882 -6.077382 -6.078205 -6.049122 -5.940744 -6.059215 -6.036730 -6.104807 -6.044126 -6.070691 -6.030338 -6.093744 -6.068256 -5.916725 -6.084623 -6.068994 -6.119431 -6.120435 -6.111643 -6.057452 -6.055234 -5.972301 -6.048385 -5.982400 -5.972373 -5.958190 -5.341856 -6.160870 -5.765944 -6.026439 -5.527483 -5.750096 -5.536900 -5.409604 -5.528080 -5.351162 -5.602762 -4.987977 -5.479177 -5.050999 -5.386185 -5.171571 -5.360738 -5.366057 -5.533513 -5.551907 -5.712001 -5.597709 -5.859899 -5.881104 -5.863126 -5.945040 -5.954800 -5.734740 -5.865676 -5.687505 -5.754790 -5.636239
