languages-for-data-analysis/zad9/data/wraki utm_grid_0.1_circle_1.0_points_2_power_2.0.asc
ncols 708
nrows 253
xllcenter 452606.36
yllcenter 5967748.7
cellsize 0.1
nodata_value nan
[rows 0 to 25 of 253, columns 600 to 659 of 708]
-5.287012 -5.283398 -5.283203 -5.277442 -5.263157 -5.262508 -5.263048 -5.259284 -5.259730 -5.258790 -5.249567 -5.248766 -5.249463 -5.247020 -5.246835 -5.245130 -5.243267 -5.241001 -5.241447 -5.238094 -5.232584 -5.228215 -5.223591 -5.222194 -5.218933 -5.213957 -5.208805 -5.203565 -5.198531 -5.198762 -5.197318 -5.196219 -5.196272 -5.190496 -5.193561 -5.198926 -5.201686 -5.203449 -5.210548 -5.214641 -5.214078 -5.212334 -5.205361 -5.199625 -5.196861 -5.193968 -5.191495 -5.189839 -5.187281 -5.182803 -5.170863 -5.158979 -5.148487 -5.146260 -5.141492 -5.147168 -5.149076 -5.143149 -5.152407 -5.161829
-5.285524 -5.284155 -5.278729 -5.275092 -5.273912 -5.271192 -5.261188 -5.261281 -5.267072 -5.261148 -5.261735 -5.258478 -5.256822 -5.256405 -5.255514 -5.249809 -5.249174 -5.249173 -5.243358 -5.240643 -5.235524 -5.230952 -5.227107 -5.222839 -5.222093 -5.216466 -5.211113 -5.204388 -5.201687 -5.198215 -5.198081 -5.192458 -5.192767 -5.195902 -5.198340 -5.200859 -5.204335 -5.209373 -5.211272 -5.215261 -5.219271 -5.212826 -5.208199 -5.203038 -5.200008 -5.195125 -5.194185 -5.192711 -5.192726 -5.190459 -5.178670 -5.154146 -5.122489 -5.138872 -5.113118 -5.143671 -5.144476 -5.110874 -5.149212 -5.165423
-5.286762 -5.285221 -5.280318 -5.275648 -5.275473 -5.275769 -5.275120 -5.272125 -5.267275 -5.265082 -5.263832 -5.262498 -5.259466 -5.257687 -5.255523 -5.253514 -5.253051 -5.249571 -5.245262 -5.244069 -5.239523 -5.235301 -5.229237 -5.224793 -5.219452 -5.214108 -5.208602 -5.204830 -5.201778 -5.197014 -5.196305 -5.196714 -5.195418 -5.195579 -5.197961 -5.201839 -5.206646 -5.213699 -5.220689 -5.226312 -5.223009 -5.214915 -5.208288 -5.201352 -5.197495 -5.194152 -5.194514 -5.195244 -5.200588 -5.208449 -5.190544 -5.167472 -5.150496 -5.154870 -5.146569 -5.158771 -5.161612 -5.156566 -5.167075 -5.173496
-5.292112 -5.286253 -5.282947 -5.280853 -5.277509 -5.276242 -5.276119 -5.274726 -5.268412 -5.267362 -5.265031 -5.263077 -5.261374 -5.260006 -5.257477 -5.255113 -5.253644 -5.250454 -5.248558 -5.246272 -5.243592 -5.239282 -5.234391 -5.226649 -5.220658 -5.213474 -5.207431 -5.203777 -5.198669 -5.197691 -5.197096 -5.196097 -5.195303 -5.192762 -5.193179 -5.199272 -5.209251 -5.217104 -5.227180 -5.245780 -5.229749 -5.219628 -5.204730 -5.193402 -5.190461 -5.187033 -5.188615 -5.187811 -5.200862 -5.226607 -5.192078 -5.176636 -5.169485 -5.170656 -5.165514 -5.169331 -5.166356 -5.179801 -5.178388 -5.179837
-5.294045 -5.288095 -5.285021 -5.283111 -5.281139 -5.279844 -5.278433 -5.275564 -5.272893 -5.270039 -5.266603 -5.264349 -5.260939 -5.257865 -5.254948 -5.253286 -5.253278 -5.251701 -5.251948 -5.249453 -5.247699 -5.247468 -5.238358 -5.228171 -5.220464 -5.211711 -5.204714 -5.199734 -5.197593 -5.194682 -5.194393 -5.196511 -5.194207 -5.187195 -5.184039 -5.194966 -5.209917 -5.220000 -5.223756 -5.234350 -5.228786 -5.218669 -5.198011 -5.165848 -5.180171 -5.155449 -5.182219 -5.160004 -5.193640 -5.188144 -5.154188 -5.173434 -5.165765 -5.180571 -5.173330 -5.176815 -5.146219 -5.181428 -5.188095 -5.186687
-5.297344 -5.293091 -5.288423 -5.286524 -5.283225 -5.279196 -5.278181 -5.276022 -5.273518 -5.268863 -5.263664 -5.260516 -5.258461 -5.253393 -5.249156 -5.250522 -5.251349 -5.253798 -5.257030 -5.253498 -5.251963 -5.259784 -5.243981 -5.228021 -5.220039 -5.211505 -5.196109 -5.192093 -5.195520 -5.183629 -5.190001 -5.196886 -5.194367 -5.176218 -5.148551 -5.181654 -5.205620 -5.214774 -5.218816 -5.223668 -5.224221 -5.218476 -5.204874 -5.187870 -5.190524 -5.166231 -5.196126 -5.204391 -5.208919 -5.187373 -5.120069 -5.180113 -5.194672 -5.198210 -5.204039 -5.192607 -5.192416 -5.213679 -5.201435 -5.219050
-5.298240 -5.291861 -5.289991 -5.287982 -5.281803 -5.276228 -5.275049 -5.276286 -5.272895 -5.266842 -5.253092 -5.249436 -5.253366 -5.239749 -5.230117 -5.243412 -5.242401 -5.250122 -5.257873 -5.254331 -5.249783 -5.248008 -5.240046 -5.232346 -5.226444 -5.215156 -5.198193 -5.199447 -5.201651 -5.197274 -5.202017 -5.203014 -5.196863 -5.179075 -5.139876 -5.181624 -5.203522 -5.209845 -5.216978 -5.219437 -5.229393 -5.223814 -5.214536 -5.203811 -5.209091 -5.210050 -5.216761 -5.220035 -5.219366 -5.207927 -5.190449 -5.201557 -5.201140 -5.208529 -5.206471 -5.171235 -5.200822 -5.208401 -5.202923 -5.195115
-5.293246 -5.283291 -5.287969 -5.289168 -5.276705 -5.257007 -5.270709 -5.279031 -5.273796 -5.266225 -5.220020 -5.221918 -5.257755 -5.248376 -5.246565 -5.239398 -5.195071 -5.242170 -5.255333 -5.256797 -5.250434 -5.242116 -5.237231 -5.239498 -5.256759 -5.225323 -5.212508 -5.209102 -5.212083 -5.216580 -5.218174 -5.207703 -5.194894 -5.189189 -5.186112 -5.196419 -5.205683 -5.200005 -5.217113 -5.214811 -5.230258 -5.229956 -5.222344 -5.212922 -5.221979 -5.226728 -5.234525 -5.248494 -5.232175 -5.224597 -5.222808 -5.219755 -5.219188 -5.223111 -5.231793 -5.211475 -5.209500 -5.207495 -5.205811 -5.204213
-5.281090 -5.250022 -5.285030 -5.292985 -5.283498 -5.263378 -5.283089 -5.289633 -5.290409 -5.283940 -5.276054 -5.279274 -5.279780 -5.285295 -5.296233 -5.253777 -5.202951 -5.278768 -5.262019 -5.269708 -5.251527 -5.239994 -5.224528 -5.236620 -5.241842 -5.197366 -5.211852 -5.200009 -5.216485 -5.220154 -5.218625 -5.210579 -5.193010 -5.156129 -5.184875 -5.194328 -5.205573 -5.215797 -5.227613 -5.235673 -5.266279 -5.240083 -5.230223 -5.224586 -5.233938 -5.248824 -5.248056 -5.262832 -5.223634 -5.236237 -5.239191 -5.232328 -5.220008 -5.233968 -5.239396 -5.211102 -5.215845 -5.190789 -5.210670 -5.211469
-5.321496 -5.294146 -5.297246 -5.301001 -5.298536 -5.297473 -5.291945 -5.298637 -5.300021 -5.298614 -5.290391 -5.293427 -5.294858 -5.291557 -5.289128 -5.274485 -5.262116 -5.266689 -5.266333 -5.262545 -5.253834 -5.242890 -5.234322 -5.237426 -5.232658 -5.210007 -5.218138 -5.219156 -5.226730 -5.237220 -5.225089 -5.220418 -5.223220 -5.173053 -5.183834 -5.168297 -5.198146 -5.213398 -5.237829 -5.237807 -5.247015 -5.241734 -5.234902 -5.213879 -5.236582 -5.247200 -5.256286 -5.273111 -5.252216 -5.248643 -5.251784 -5.244963 -5.244268 -5.248945 -5.291439 -5.238039 -5.224829 -5.219901 -5.220324 -5.228039
-5.314828 -5.286957 -5.302613 -5.308095 -5.306401 -5.302266 -5.301873 -5.307621 -5.311104 -5.316609 -5.313698 -5.332403 -5.314059 -5.304832 -5.307989 -5.291809 -5.284342 -5.278785 -5.272534 -5.267246 -5.256883 -5.243332 -5.239102 -5.241514 -5.259459 -5.236531 -5.227337 -5.214213 -5.230304 -5.238893 -5.222069 -5.227692 -5.225390 -5.205110 -5.198975 -5.124539 -5.205022 -5.223986 -5.234210 -5.238881 -5.240590 -5.243996 -5.250297 -5.240738 -5.244631 -5.247307 -5.262682 -5.287175 -5.269559 -5.256821 -5.264458 -5.253220 -5.258622 -5.254880 -5.256117 -5.221353 -5.229524 -5.229847 -5.221787 -5.228203
-5.316300 -5.291911 -5.308189 -5.313694 -5.312177 -5.310335 -5.312052 -5.316758 -5.320281 -5.336411 -5.323896 -5.328756 -5.319356 -5.312916 -5.311913 -5.299985 -5.290755 -5.282893 -5.277057 -5.269657 -5.257185 -5.230745 -5.216197 -5.235769 -5.243056 -5.238624 -5.232788 -5.228538 -5.237845 -5.238543 -5.237077 -5.236351 -5.234190 -5.227016 -5.230200 -5.265673 -5.235466 -5.239675 -5.240049 -5.241101 -5.218936 -5.241980 -5.250659 -5.234470 -5.246905 -5.249160 -5.289552 -5.269039 -5.262236 -5.256400 -5.253786 -5.256938 -5.268208 -5.263370 -5.307763 -5.232246 -5.237626 -5.245967 -5.242623 -5.232602
-5.326516 -5.308703 -5.314892 -5.314515 -5.313230 -5.290808 -5.314311 -5.324514 -5.327907 -5.330941 -5.327717 -5.325867 -5.327020 -5.319987 -5.317701 -5.309831 -5.312423 -5.292613 -5.281273 -5.272177 -5.263396 -5.247441 -5.216147 -5.233758 -5.236931 -5.231634 -5.233547 -5.236000 -5.249450 -5.244871 -5.240324 -5.244447 -5.240983 -5.228155 -5.241272 -5.246486 -5.245552 -5.246796 -5.250760 -5.251943 -5.260505 -5.249057 -5.249558 -5.299908 -5.252310 -5.252724 -5.285758 -5.266362 -5.268675 -5.256602 -5.250005 -5.258867 -5.273417 -5.266741 -5.261212 -5.250007 -5.245661 -5.250460 -5.242486 -5.233456
-5.336156 -5.310811 -5.317067 -5.290172 -5.316499 -5.323223 -5.340798 -5.336123 -5.346071 -5.349970 -5.333241 -5.321595 -5.335290 -5.325318 -5.326360 -5.315183 -5.312206 -5.270879 -5.284065 -5.260644 -5.266815 -5.263623 -5.253912 -5.225187 -5.235356 -5.190085 -5.227504 -5.197550 -5.240827 -5.251409 -5.254848 -5.256092 -5.262090 -5.249459 -5.255135 -5.253553 -5.256012 -5.250578 -5.266373 -5.264800 -5.290756 -5.253254 -5.215161 -5.238240 -5.241121 -5.248099 -5.258924 -5.261487 -5.312068 -5.257893 -5.249551 -5.263352 -5.329855 -5.286601 -5.258034 -5.249388 -5.249584 -5.288416 -5.238952 -5.232692
-5.351755 -5.359502 -5.330234 -5.328033 -5.329984 -5.334644 -5.341799 -5.342403 -5.345161 -5.342213 -5.338715 -5.336887 -5.333071 -5.328957 -5.326854 -5.316968 -5.309136 -5.301167 -5.294259 -5.290301 -5.338322 -5.277411 -5.255482 -5.245874 -5.247560 -5.243866 -5.243490 -5.259784 -5.250181 -5.260731 -5.261919 -5.266102 -5.267224 -5.249477 -5.271050 -5.335984 -5.266023 -5.252782 -5.251967 -5.265004 -5.308046 -5.255176 -5.200438 -5.218971 -5.223567 -5.237250 -5.281635 -5.248600 -5.256679 -5.243195 -5.240006 -5.252469 -5.268627 -5.269108 -5.254974 -5.248742 -5.244300 -5.244861 -5.233460 -5.229932
-5.363913 -5.355856 -5.349938 -5.352720 -5.344327 -5.343524 -5.343442 -5.348158 -5.369259 -5.341164 -5.344482 -5.355442 -5.330031 -5.333102 -5.334747 -5.313013 -5.314480 -5.309887 -5.303571 -5.297631 -5.294350 -5.269186 -5.229211 -5.201576 -5.254432 -5.266472 -5.272045 -5.282141 -5.290525 -5.275520 -5.284954 -5.279508 -5.283539 -5.306328 -5.283865 -5.276473 -5.260011 -5.251205 -5.237990 -5.252345 -5.265576 -5.252208 -5.227820 -5.208570 -5.204557 -5.210549 -5.221130 -5.217544 -5.218535 -5.228774 -5.244990 -5.247623 -5.298655 -5.296530 -5.250449 -5.246136 -5.238581 -5.247767 -5.231631 -5.224585
-5.373459 -5.360894 -5.361533 -5.376722 -5.350585 -5.351247 -5.343966 -5.351212 -5.354084 -5.350524 -5.350110 -5.358646 -5.340774 -5.338070 -5.339158 -5.324543 -5.319737 -5.313383 -5.309265 -5.299825 -5.287805 -5.270605 -5.230688 -5.253812 -5.272418 -5.286269 -5.295307 -5.316463 -5.292234 -5.284051 -5.285691 -5.283782 -5.292333 -5.359850 -5.287390 -5.269919 -5.280949 -5.250278 -5.193371 -5.247254 -5.304315 -5.279876 -5.219917 -5.187640 -5.174364 -5.184990 -5.248781 -5.192819 -5.190563 -5.211206 -5.236561 -5.230066 -5.241573 -5.241634 -5.234553 -5.235908 -5.230413 -5.232995 -5.234706 -5.221459
-5.375448 -5.368665 -5.364281 -5.361915 -5.370568 -5.359927 -5.359029 -5.357106 -5.369936 -5.358625 -5.353158 -5.357713 -5.322587 -5.344914 -5.346660 -5.321447 -5.326047 -5.319270 -5.317107 -5.303292 -5.240374 -5.287170 -5.274695 -5.286627 -5.297949 -5.326749 -5.309209 -5.321170 -5.290674 -5.287724 -5.307703 -5.289988 -5.287283 -5.291337 -5.275531 -5.260025 -5.267443 -5.251431 -5.248616 -5.242987 -5.254223 -5.225951 -5.187171 -5.149137 -5.127474 -5.125453 -5.150942 -5.147120 -5.156242 -5.188381 -5.252912 -5.210963 -5.215245 -5.249152 -5.220174 -5.213305 -5.219104 -5.215098 -5.244823 -5.220332
-5.381116 -5.379624 -5.367293 -5.340685 -5.366548 -5.365855 -5.366787 -5.359606 -5.355628 -5.351158 -5.351478 -5.353458 -5.355041 -5.357308 -5.386735 -5.334314 -5.333908 -5.330121 -5.320874 -5.322261 -5.325289 -5.306851 -5.281659 -5.310902 -5.315784 -5.404149 -5.311873 -5.294940 -5.289210 -5.287380 -5.290513 -5.298121 -5.289103 -5.328748 -5.275852 -5.257450 -5.248832 -5.244738 -5.274147 -5.236819 -5.275034 -5.196158 -5.145395 -5.100808 -5.059883 -5.014794 -5.061927 -5.090145 -5.105300 -5.144665 -5.184144 -5.187586 -5.204557 -5.207306 -5.205508 -5.203785 -5.210131 -5.217656 -5.229000 -5.212245
-5.386322 -5.391585 -5.372503 -5.364516 -5.369044 -5.370146 -5.390814 -5.350353 -5.353068 -5.340922 -5.349645 -5.354667 -5.354269 -5.363242 -5.449079 -5.346999 -5.338082 -5.341020 -5.403191 -5.332316 -5.317818 -5.317289 -5.353383 -5.319840 -5.310592 -5.308424 -5.282532 -5.288595 -5.289541 -5.285153 -5.293427 -5.289140 -5.280294 -5.283051 -5.293126 -5.247079 -5.245365 -5.235470 -5.233034 -5.217586 -5.220141 -5.168546 -5.107179 -5.041791 -5.010425 -4.888993 -5.020729 -5.044690 -4.992057 -5.098357 -5.151997 -5.169579 -5.178607 -5.183432 -5.191893 -5.187998 -5.190487 -5.214962 -5.227859 -5.213541
-5.388034 -5.387335 -5.366930 -5.368739 -5.375337 -5.372672 -5.368803 -5.356710 -5.353082 -5.348615 -5.341935 -5.347105 -5.349980 -5.353144 -5.354903 -5.340584 -5.338813 -5.338985 -5.336126 -5.325502 -5.318598 -5.312802 -5.314229 -5.316998 -5.309384 -5.315293 -5.292695 -5.283370 -5.276610 -5.278650 -5.292831 -5.278974 -5.271216 -5.278302 -5.272418 -5.131745 -5.273922 -5.227519 -5.249080 -5.205089 -5.216240 -5.157417 -5.070506 -4.831228 -5.038028 -4.890863 -5.037484 -5.029339 -4.986127 -5.082158 -5.155156 -5.164868 -5.166241 -5.176728 -5.185138 -5.187577 -5.201763 -5.217836 -5.239912 -5.219902
-5.385251 -5.358802 -5.296424 -5.362635 -5.395576 -5.377884 -5.373572 -5.345541 -5.351989 -5.348198 -5.332521 -5.343944 -5.345350 -5.348280 -5.362559 -5.339371 -5.336468 -5.333556 -5.336781 -5.323353 -5.318966 -5.293285 -5.307998 -5.325991 -5.305604 -5.309590 -5.289983 -5.274127 -5.235526 -5.268343 -5.275689 -5.268984 -5.260724 -5.257336 -5.247667 -5.215720 -5.220913 -5.214491 -5.217059 -5.192096 -5.168016 -5.212640 -5.041944 -4.823022 -4.979982 -5.005489 -5.022413 -5.035684 -5.013761 -5.087917 -5.178404 -5.144520 -5.156343 -5.150599 -5.180687 -5.173345 -5.211672 -5.222735 -5.269658 -5.229140
-5.380794 -5.342478 -5.410580 -5.366154 -5.442451 -5.382949 -5.372570 -5.353650 -5.352265 -5.349871 -5.349964 -5.343302 -5.340195 -5.342487 -5.347202 -5.334982 -5.337235 -5.355556 -5.331479 -5.320799 -5.316084 -5.307515 -5.302558 -5.297196 -5.296420 -5.314890 -5.277302 -5.268458 -5.259289 -5.264032 -5.286890 -5.259983 -5.249640 -5.249822 -5.246975 -5.220521 -5.231525 -5.201783 -5.212475 -5.192570 -5.145899 -5.109493 -5.026888 -4.851296 -4.989298 -5.015706 -4.987759 -5.044948 -5.053476 -5.095415 -5.148398 -5.147207 -5.154526 -5.158203 -5.179781 -5.179939 -5.213232 -5.222316 -5.231924 -5.234190
-5.385454 -5.378413 -5.331393 -5.368005 -5.384305 -5.382762 -5.467830 -5.343302 -5.351455 -5.352117 -5.344009 -5.340448 -5.338898 -5.335852 -5.331355 -5.330068 -5.332421 -5.339632 -5.320046 -5.316191 -5.319796 -5.307274 -5.299434 -5.293575 -5.288737 -5.284470 -5.275580 -5.263976 -5.256798 -5.258765 -5.308345 -5.248784 -5.240231 -5.233566 -5.217874 -5.203289 -5.188070 -5.181974 -5.203407 -5.153177 -5.133138 -5.167726 -5.045488 -4.900759 -4.990185 -5.024404 -5.049871 -5.055708 -4.985578 -5.090941 -5.131017 -5.146956 -5.155047 -5.162696 -5.184301 -5.197137 -5.217007 -5.225043 -5.227482 -5.241891
-5.389947 -5.398891 -5.372331 -5.375673 -5.400334 -5.376337 -5.370371 -5.350880 -5.350615 -5.349816 -5.340641 -5.337050 -5.334750 -5.330075 -5.329214 -5.332118 -5.327109 -5.333138 -5.314617 -5.308232 -5.301222 -5.294157 -5.296341 -5.307643 -5.282569 -5.279909 -5.277307 -5.256322 -5.249877 -5.244823 -5.243438 -5.235785 -5.234049 -5.298603 -5.212626 -5.189924 -5.162488 -5.166960 -5.163768 -5.140165 -5.128949 -5.183537 -5.054544 -4.944710 -4.911012 -5.020625 -5.069161 -5.061635 -5.067520 -5.090355 -5.116329 -5.139428 -5.157028 -5.183764 -5.193167 -5.216999 -5.219988 -5.228997 -5.200617 -5.254241
-5.387396 -5.384035 -5.374225 -5.374635 -5.381619 -5.376449 -5.359844 -5.343195 -5.346404 -5.359755 -5.320573 -5.332255 -5.338257 -5.320931 -5.325488 -5.329993 -5.329275 -5.318895 -5.309260 -5.302062 -5.298465 -5.330843 -5.294621 -5.328717 -5.274770 -5.259981 -5.243684 -5.244849 -5.269565 -5.224621 -5.219412 -5.210158 -5.214374 -5.216804 -5.198814 -5.180159 -5.182592 -5.158974 -5.164931 -5.111653 -5.118068 -5.235329 -5.040154 -4.984816 -4.951060 -5.015894 -5.036275 -5.059832 -5.062348 -5.088743 -5.110277 -5.117472 -5.154623 -5.180842 -5.196374 -5.211975 -5.214130 -5.236179 -5.227682 -5.261887
