languages-for-data-analysis/zad9/data/wraki utm_grid_0.1_circle_1.0_points_2_power_2.0.asc
ncols 708
nrows 253
xllcenter 452606.36
yllcenter 5967748.7
cellsize 0.1
nodata_value nan
[rows 52 to 77 of 253, columns 480 to 539 of 708]
-5.374943 -5.368091 -5.351259 -5.365335 -5.376982 -5.377847 -5.362885 -5.362243 -5.356870 -5.349392 -5.338999 -5.334997 -5.320285 -5.323255 -5.367686 -5.333184 -5.327064 -5.350034 -5.326968 -5.336397 -5.315532 -5.318337 -5.328737 -5.322488 -5.359762 -5.292097 -5.333175 -5.315206 -5.304311 -5.336411 -5.372448 -5.336226 -5.359988 -5.342206 -5.320403 -5.346490 -5.358252 -5.389458 -5.368695 -5.369806 -5.328778 -5.358613 -5.377760 -5.363092 -5.381194 -5.388587 -5.361841 -5.404879 -5.371388 -5.412338 -5.371009 -5.379924 -5.408473 -5.411792 -5.409883 -5.397171 -5.400166 -5.432339 -5.387594 -5.396823
-5.357194 -5.315304 -5.346352 -5.350892 -5.388600 -5.498115 -5.352976 -5.349748 -5.334497 -5.329115 -5.359717 -5.330020 -5.300331 -5.324987 -5.330569 -5.320803 -5.326211 -5.361131 -5.297480 -5.339888 -5.323216 -5.305295 -5.311113 -5.284981 -5.307184 -5.323350 -5.322765 -5.335336 -5.323657 -5.318513 -5.340445 -5.340757 -5.354312 -5.366612 -5.349875 -5.329380 -5.354043 -5.347307 -5.399144 -5.388442 -5.348285 -5.370037 -5.375406 -5.373766 -5.377966 -5.381475 -5.370170 -5.382640 -5.391365 -5.401289 -5.429523 -5.409919 -5.387595 -5.370016 -5.350644 -5.433264 -5.404380 -5.399461 -5.399340 -5.398888
-5.330247 -5.439641 -5.399742 -5.342308 -5.382972 -5.370253 -5.342764 -5.359611 -5.319567 -5.319694 -5.312829 -5.310071 -5.315800 -5.325375 -5.320038 -5.305522 -5.306332 -5.330233 -5.308505 -5.339859 -5.303167 -5.314589 -5.304266 -5.294179 -5.311269 -5.329864 -5.329519 -5.326272 -5.328121 -5.362676 -5.289330 -5.334762 -5.399080 -5.357311 -5.359749 -5.352964 -5.348814 -5.312974 -5.353852 -5.389564 -5.360326 -5.375145 -5.359380 -5.380053 -5.388521 -5.399722 -5.370957 -5.374189 -5.479085 -5.402684 -5.400063 -5.429892 -5.400070 -5.394486 -5.386095 -5.407244 -5.400079 -5.403607 -5.391682 -5.390105
-5.347983 -5.359038 -5.358852 -5.305891 -5.444410 -5.364425 -5.362686 -5.349704 -5.298060 -5.319329 -5.319487 -5.311329 -5.323891 -5.309751 -5.308739 -5.309938 -5.339795 -5.303909 -5.298197 -5.290845 -5.315053 -5.316729 -5.349434 -5.323839 -5.307111 -5.289851 -5.384660 -5.318074 -5.316878 -5.334678 -5.323773 -5.325356 -5.371429 -5.350621 -5.352806 -5.352177 -5.360091 -5.349387 -5.372811 -5.290483 -5.359621 -5.366457 -5.348345 -5.367133 -5.390650 -5.382860 -5.402281 -5.399583 -5.417758 -5.403735 -5.418907 -5.411854 -5.417594 -5.390079 -5.411363 -5.403024 -5.431334 -5.426530 -5.402692 -5.399921
-5.429675 -5.389767 -5.341988 -5.248164 -5.264282 -5.294995 -5.344574 -5.279202 -5.277067 -5.286016 -5.300625 -5.333337 -5.324487 -5.309970 -5.255797 -5.300835 -5.309110 -5.310150 -5.310009 -5.303046 -5.330462 -5.318468 -5.324462 -5.293631 -5.306762 -5.317974 -5.333962 -5.324506 -5.301057 -5.332102 -5.349736 -5.334724 -5.302024 -5.359892 -5.342466 -5.369983 -5.319847 -5.350095 -5.352542 -5.369560 -5.365755 -5.340652 -5.373047 -5.389154 -5.412314 -5.401960 -5.417197 -5.409050 -5.330723 -5.412510 -5.435939 -5.425813 -5.425520 -5.409412 -5.431201 -5.418056 -5.429971 -5.414114 -5.416028 -5.398825
-5.200467 -5.187143 -5.169731 -5.159481 -5.167979 -5.194521 -5.270140 -5.286306 -5.234563 -5.241974 -5.294148 -5.335891 -5.319995 -5.312239 -5.280044 -5.325801 -5.329897 -5.316910 -5.335340 -5.369646 -5.306992 -5.316286 -5.322403 -5.249890 -5.325526 -5.322488 -5.280255 -5.330990 -5.325176 -5.320523 -5.360264 -5.310169 -5.353947 -5.364054 -5.335291 -5.340166 -5.366687 -5.365327 -5.350027 -5.382431 -5.359740 -5.391856 -5.405719 -5.400025 -5.410073 -5.414604 -5.422743 -5.459690 -5.419991 -5.415569 -5.410213 -5.415712 -5.407106 -5.429970 -5.436064 -5.449933 -5.439942 -5.422687 -5.449913 -5.430235
-5.071993 -5.062118 -5.054526 -5.052356 -5.060794 -5.091385 -5.185066 -5.170533 -5.198684 -5.156262 -5.319923 -5.284982 -5.313725 -5.310825 -5.292221 -5.313252 -5.317164 -5.318245 -5.317577 -5.330045 -5.300117 -5.284960 -5.324366 -5.310665 -5.297368 -5.332060 -5.325690 -5.336255 -5.312305 -5.328315 -5.356341 -5.300180 -5.340053 -5.376312 -5.347212 -5.364244 -5.381074 -5.360080 -5.373440 -5.413693 -5.378831 -5.411336 -5.447297 -5.419418 -5.433824 -5.439994 -5.441178 -5.458985 -5.404527 -5.439305 -5.449981 -5.443878 -5.436967 -5.463068 -5.428766 -5.439510 -5.462811 -5.434797 -5.437259 -5.444346
-4.952984 -4.946130 -4.949021 -4.939983 -4.931101 -4.929336 -5.010831 -5.211582 -4.731001 -5.001379 -5.045075 -5.172529 -5.235968 -5.319890 -5.184578 -5.298229 -5.337564 -5.334247 -5.326113 -5.339963 -5.306965 -5.323495 -5.320735 -5.290270 -5.310267 -5.312126 -5.327495 -5.343768 -5.337885 -5.344687 -5.332586 -5.344431 -5.353490 -5.371427 -5.369985 -5.362489 -5.386593 -5.417881 -5.390028 -5.417953 -5.414502 -5.427611 -5.439046 -5.430011 -5.449571 -5.459536 -5.452686 -5.460037 -5.429899 -5.449899 -5.415955 -5.468384 -5.437937 -5.420044 -5.451007 -5.411152 -5.459970 -5.438660 -5.456643 -5.456682
-4.819051 -4.824191 -4.887483 -4.800515 -4.804387 -4.806356 -4.879727 -5.100059 -4.820128 -4.750260 -4.843514 -5.088726 -5.235634 -5.349833 -5.287305 -5.180120 -5.269974 -5.308506 -5.314859 -5.316243 -5.310041 -5.270053 -5.322034 -5.325592 -5.320010 -5.310033 -5.349100 -5.353478 -5.330075 -5.357600 -5.350605 -5.409957 -5.389974 -5.380012 -5.390670 -5.449939 -5.403484 -5.403770 -5.406812 -5.439987 -5.429056 -5.431297 -5.448118 -5.444129 -5.480058 -5.509853 -5.479910 -5.487370 -5.514032 -5.463376 -5.486265 -5.483184 -5.441679 -5.420157 -5.400077 -5.438700 -5.452628 -5.439404 -5.445000 -5.443303
-4.823817 -4.802973 -4.832618 -4.768219 -4.779707 -4.843318 -4.890552 -4.964530 -4.880038 -4.998014 -4.980500 -5.099925 -5.124575 -5.167722 -5.279341 -5.236432 -5.272340 -5.300992 -5.323369 -5.326694 -5.343968 -5.337835 -5.320009 -5.349975 -5.330008 -5.345168 -5.439949 -5.363087 -5.376333 -5.370014 -5.419497 -5.392038 -5.419994 -5.412357 -5.399200 -5.417025 -5.429996 -5.434614 -5.432470 -5.438407 -5.449997 -5.450000 -5.454780 -5.449215 -5.409613 -5.471727 -5.478281 -5.522909 -5.524990 -5.479998 -5.470036 -5.463410 -5.462504 -5.469963 -5.479966 -5.469993 -5.432905 -5.427860 -5.444903 -5.441514
-4.756435 -4.834479 -4.782941 -4.799007 -4.848301 -4.852638 -4.901542 -4.952276 -4.925463 -4.900012 -5.139975 -4.960029 -5.112215 -5.267898 -5.277212 -5.258228 -5.299999 -5.312429 -5.329999 -5.320012 -5.316518 -5.370325 -5.348016 -5.340002 -5.364480 -5.375473 -5.366098 -5.359776 -5.394140 -5.400127 -5.464901 -5.390014 -5.424048 -5.417989 -5.423094 -5.410011 -5.435375 -5.444325 -5.426848 -5.469997 -5.460562 -5.450005 -5.487426 -5.449471 -5.448202 -5.509831 -5.478090 -5.501294 -5.497892 -5.481839 -5.491021 -5.512241 -5.464128 -5.471410 -5.450534 -5.465176 -5.459992 -5.456751 -5.462605 -5.469998
-4.800525 -4.795211 -4.875560 -4.842859 -4.860000 -4.850031 -4.893015 -4.941699 -4.956146 -5.026808 -4.997998 -5.230000 -5.085050 -5.150419 -5.227686 -5.241798 -5.300655 -5.321099 -5.333821 -5.355159 -5.350094 -5.358155 -5.375568 -5.366898 -5.379256 -5.384592 -5.375975 -5.388568 -5.395048 -5.409075 -5.431959 -5.442241 -5.433698 -5.427124 -5.520000 -5.447681 -5.435265 -5.449420 -5.445894 -5.451875 -5.463481 -5.479883 -5.473777 -5.470466 -5.470000 -5.489669 -5.495068 -5.496259 -5.502659 -5.496897 -5.478419 -5.487329 -5.467034 -5.487482 -5.453745 -5.466580 -5.465279 -5.448543 -5.438866 -5.466638
-4.819996 -4.812032 -4.897696 -4.800028 -4.857052 -4.830006 -4.893481 -4.939374 -4.860052 -4.909366 -5.041590 -5.089952 -5.077286 -5.238157 -5.228089 -5.258451 -5.260742 -5.333496 -5.316797 -5.361342 -5.387877 -5.360001 -5.422242 -5.386225 -5.439989 -5.370011 -5.385493 -5.400682 -5.409648 -5.424141 -5.471871 -5.469995 -5.445000 -5.434216 -5.450744 -5.455515 -5.451305 -5.469522 -5.468245 -5.479998 -5.471172 -5.490666 -5.491333 -5.481651 -5.488845 -5.490001 -5.482171 -5.490172 -5.491035 -5.479030 -5.490000 -5.487696 -5.489570 -5.486429 -5.452475 -5.462933 -5.473048 -5.455378 -5.479436 -5.479997
-4.802427 -4.789415 -4.860535 -4.839656 -4.868110 -4.929950 -4.830033 -5.006554 -4.926854 -4.985840 -4.892026 -4.986414 -5.209246 -5.195085 -5.080076 -5.239281 -5.291038 -5.310500 -5.349997 -5.360265 -5.360008 -5.386344 -5.400045 -5.399990 -5.396408 -5.407033 -5.407900 -5.420000 -5.435367 -5.450020 -5.464149 -5.459204 -5.444560 -5.450925 -5.455803 -5.442333 -5.467502 -5.479090 -5.491426 -5.473989 -5.485379 -5.481579 -5.498500 -5.519985 -5.505858 -5.494880 -5.482591 -5.483165 -5.505971 -5.476953 -5.491062 -5.519979 -5.484716 -5.477402 -5.460023 -5.458023 -5.479939 -5.463036 -5.460268 -5.460010
-4.788842 -4.770054 -4.879954 -4.834628 -4.833702 -4.851451 -4.849860 -4.943970 -4.924231 -4.960806 -4.860197 -4.940176 -5.108280 -5.173544 -5.369668 -5.160219 -5.299926 -5.322752 -5.372655 -5.419863 -5.382266 -5.411790 -5.419267 -5.414612 -5.417197 -5.411234 -5.439982 -5.432825 -5.439607 -5.449865 -5.459987 -5.450988 -5.451934 -5.489967 -5.450039 -5.460015 -5.473516 -5.519939 -5.472348 -5.476632 -5.471167 -5.491364 -5.519930 -5.484421 -5.490077 -5.490539 -5.490797 -5.460061 -5.509981 -5.489852 -5.491929 -5.495860 -5.469140 -5.499979 -5.492465 -5.479855 -5.459479 -5.450515 -5.489954 -5.467313
-4.779820 -4.815461 -4.850708 -4.730451 -4.820076 -4.856805 -4.856073 -4.950185 -4.959527 -4.900965 -5.004438 -4.980384 -5.122290 -5.179390 -5.120093 -5.204078 -5.307109 -5.389546 -5.371000 -5.440554 -5.425528 -5.420218 -5.426924 -5.438347 -5.420165 -5.421058 -5.434935 -5.433452 -5.432606 -5.440048 -5.400095 -5.455638 -5.480173 -5.430066 -5.465772 -5.509795 -5.480004 -5.488957 -5.475890 -5.485982 -5.498144 -5.490046 -5.506075 -5.497798 -5.519928 -5.490010 -5.499445 -5.499855 -5.508119 -5.480029 -5.499957 -5.494255 -5.492919 -5.511482 -5.460298 -5.488544 -5.483589 -5.484044 -5.495215 -5.519459
-4.748301 -4.770607 -4.824019 -4.820642 -4.880089 -4.859605 -4.908913 -4.952381 -4.994298 -4.985925 -4.841066 -5.025304 -5.112318 -5.199728 -5.134689 -5.338227 -5.311431 -5.349796 -5.389956 -5.401090 -5.416384 -5.462428 -5.450233 -5.418256 -5.424779 -5.436934 -5.442412 -5.429990 -5.447780 -5.448787 -5.453873 -5.473190 -5.477172 -5.472789 -5.476083 -5.485495 -5.495219 -5.493820 -5.549724 -5.470111 -5.498429 -5.499985 -5.480046 -5.480058 -5.500169 -5.509900 -5.495058 -5.509975 -5.490474 -5.491186 -5.500007 -5.539515 -5.519945 -5.500781 -5.530286 -5.487589 -5.490008 -5.493582 -5.488141 -5.490645
-4.849357 -4.790023 -4.805127 -4.867463 -4.870951 -4.850529 -4.900183 -4.968366 -4.987072 -4.963681 -4.935356 -5.057038 -5.296924 -5.279652 -5.313232 -5.227447 -5.291641 -5.325421 -5.400963 -5.459703 -5.422269 -5.438842 -5.477440 -5.436265 -5.441208 -5.434190 -5.440038 -5.447205 -5.442061 -5.458494 -5.450102 -5.499838 -5.474353 -5.460092 -5.490009 -5.489066 -5.498614 -5.504542 -5.514562 -5.504813 -5.492817 -5.503570 -5.503135 -5.500329 -5.514981 -5.500091 -5.512398 -5.502717 -5.499532 -5.501422 -5.493985 -5.508623 -5.514375 -5.505386 -5.496045 -5.488059 -5.520020 -5.491178 -5.490008 -5.440342
-4.814181 -4.795925 -4.863009 -4.862715 -4.894339 -4.895434 -4.958408 -4.978247 -4.970183 -5.047609 -4.998774 -5.101404 -4.982166 -5.257682 -5.259819 -5.190720 -5.352856 -5.310257 -5.390534 -5.453409 -5.423753 -5.461024 -5.457708 -5.446549 -5.450200 -5.444432 -5.458873 -5.459977 -5.450105 -5.464717 -5.478567 -5.463479 -5.489655 -5.486383 -5.491301 -5.499307 -5.495950 -5.502384 -5.502906 -5.500993 -5.497660 -5.514461 -5.499321 -5.502344 -5.518774 -5.519899 -5.514663 -5.490177 -5.520545 -5.507923 -5.559446 -5.492432 -5.510009 -5.509808 -5.549572 -5.509982 -5.494382 -5.502928 -5.497532 -5.485030
-4.842751 -4.793977 -4.859999 -4.885945 -4.881314 -4.914201 -4.929312 -4.980056 -5.029563 -4.959833 -4.852609 -5.085486 -5.073665 -5.291268 -5.176223 -5.294802 -5.297592 -5.340433 -5.396460 -5.469056 -5.445719 -5.479788 -5.431022 -5.454879 -5.466420 -5.450085 -5.482545 -5.473722 -5.477966 -5.489970 -5.483521 -5.491693 -5.485931 -5.497944 -5.496077 -5.501052 -5.529835 -5.522120 -5.503610 -5.513151 -5.510770 -5.514999 -5.510160 -5.512104 -5.520538 -5.513705 -5.530667 -5.490384 -5.500418 -5.509954 -5.526693 -5.529469 -5.506011 -5.509894 -5.514028 -5.508947 -5.500693 -5.496485 -5.523401 -5.503871
-4.885106 -4.807057 -4.875141 -4.926593 -4.878196 -4.911050 -4.906357 -4.992994 -4.916097 -4.959549 -4.957158 -5.065277 -5.215508 -5.280052 -5.247215 -5.488575 -5.222862 -5.438401 -5.395528 -5.361149 -5.482230 -5.451670 -5.476436 -5.498640 -5.460255 -5.477682 -5.489537 -5.490740 -5.481929 -5.498163 -5.496057 -5.499794 -5.501390 -5.503930 -5.513276 -5.490523 -5.513170 -5.528019 -5.543152 -5.510844 -5.534314 -5.559369 -5.510098 -5.539625 -5.516597 -5.510242 -5.514775 -5.525392 -5.539479 -5.500194 -5.513688 -5.526759 -5.513947 -5.519839 -5.516625 -5.519711 -5.515556 -5.490240 -5.530671 -5.514075
-4.830993 -4.821467 -4.894998 -4.919135 -4.883819 -4.902552 -4.882287 -4.998776 -4.931097 -4.975704 -4.941359 -5.237969 -5.359070 -5.317236 -5.219896 -5.421087 -5.300576 -5.450328 -5.460633 -5.425127 -5.559169 -5.473783 -5.460827 -5.492631 -5.509519 -5.478031 -5.500243 -5.493726 -5.509548 -5.504094 -5.489293 -5.508031 -5.520013 -5.503402 -5.492413 -5.513095 -5.513646 -5.554329 -5.528256 -5.506403 -5.529290 -5.522173 -5.506486 -5.510333 -5.529539 -5.529852 -5.529227 -5.534436 -5.551797 -5.534025 -5.529905 -5.510296 -5.520375 -5.530276 -5.562677 -5.522353 -5.527287 -5.515213 -5.523014 -5.519966
-4.844685 -4.912139 -4.803400 -4.873453 -4.841903 -4.832140 -4.861836 -4.979767 -4.998650 -5.007536 -4.979858 -5.216660 -5.292616 -5.379650 -5.477614 -5.490139 -5.477585 -5.557886 -5.495602 -5.491854 -5.571257 -5.490037 -5.543544 -5.513664 -5.507274 -5.529405 -5.506214 -5.490211 -5.501307 -5.519367 -5.508990 -5.506666 -5.515897 -5.500213 -5.504916 -5.518622 -5.520638 -5.511114 -5.533297 -5.523823 -5.500555 -5.546816 -5.527349 -5.558345 -5.540117 -5.540595 -5.533572 -5.544696 -5.520227 -5.523513 -5.524112 -5.536069 -5.510333 -5.546502 -5.525442 -5.530581 -5.529944 -5.517276 -5.548135 -5.526827
-4.865225 -4.921257 -4.905396 -4.880316 -4.868312 -4.858603 -4.986282 -4.909162 -5.033324 -5.071117 -5.348923 -5.446234 -5.285740 -5.449221 -5.355310 -5.514522 -5.509061 -5.516409 -5.514796 -5.504494 -5.519071 -5.487168 -5.534912 -5.529356 -5.491993 -5.508072 -5.509178 -5.505079 -5.513869 -5.510408 -5.502731 -5.523543 -5.485905 -5.517156 -5.546152 -5.522632 -5.525961 -5.534795 -5.525900 -5.548913 -5.531211 -5.569417 -5.510637 -5.542870 -5.559488 -5.534276 -5.520308 -5.537739 -5.549137 -5.517709 -5.526092 -5.534842 -5.562194 -5.541632 -5.530090 -5.531081 -5.530842 -5.523136 -5.521269 -5.525089
-4.879191 -4.862494 -4.959707 -4.834146 -4.916377 -4.946524 -4.895733 -4.966237 -5.146175 -5.119600 -5.386059 -5.350899 -5.384509 -5.491393 -5.507110 -5.529411 -5.564267 -5.531200 -5.532024 -5.525211 -5.505920 -5.545808 -5.539697 -5.532313 -5.527676 -5.501556 -5.503611 -5.529664 -5.522326 -5.510534 -5.521584 -5.539567 -5.509846 -5.527861 -5.543107 -5.531388 -5.534095 -5.545373 -5.535012 -5.524639 -5.523482 -5.598649 -5.543774 -5.532395 -5.532153 -5.547506 -5.539990 -5.530378 -5.539321 -5.539698 -5.538043 -5.530572 -5.536135 -5.544880 -5.544708 -5.550638 -5.558238 -5.535723 -5.541758 -5.540359
-4.962885 -4.865204 -4.912660 -4.934847 -4.845206 -5.119188 -4.963490 -5.237037 -5.416963 -5.437414 -5.507921 -5.498290 -5.495917 -5.531838 -5.531128 -5.552629 -5.540763 -5.576267 -5.546704 -5.502014 -5.527492 -5.538602 -5.559231 -5.501754 -5.537866 -5.538446 -5.522709 -5.556485 -5.530371 -5.555742 -5.520344 -5.534744 -5.529837 -5.531445 -5.532337 -5.548029 -5.528113 -5.550015 -5.559270 -5.550926 -5.535706 -5.559962 -5.546760 -5.540221 -5.540290 -5.537038 -5.548344 -5.558923 -5.549977 -5.534989 -5.542592 -5.521450 -5.542034 -5.561192 -5.588523 -5.550532 -5.579218 -5.549246 -5.572030 -5.588793
